SCHL	fod1p	_TYPE_	_FREQ_	p50adj_wagp	p25adj_wagp	p75adj_wagp	mean_grad_degree	mean_grad_degree_all	mean_employed	pct_ts	pct_tsg	dboost	boost	pct_ts_all	pct_tsg_all	gths_mean	gthsftfy_mean	gmajor
		2	20043	57671.42857	39694.49715	85656.54649	0.285492315	0.285563194	0.968504922	0.014507739	1			0.013824877	1	0.79313721	0.824996414	Agriculture and natural resources
		2	117404	87745.73055	60586.33776	120000	0.388847749	0.387924409	0.956773826	0.098744403	1			0.090883711	1	0.884532869	0.922016554	Architecture and engineering
		2	37029	48051.2334	31457.14286	72000	0.234273587	0.243506846	0.933919354	0.032627541	1			0.036645216	1	0.662810847	0.731561478	Arts
		2	63084	70000	45387.88257	117440	0.610712438	0.59522677	0.967336728	0.051588778	1			0.05127617	1	0.818421069	0.871537529	Biology and life sciences
		2	266295	65011.42857	43324.797	100280.8349	0.226430517	0.223379277	0.950936077	0.231067881	1			0.218659366	1	0.828331653	0.864082769	Business
		2	46714	54318.78558	37605.31309	83567.36243	0.212382869	0.21300922	0.942229286	0.040573976	1			0.041471861	1	0.759211308	0.810274527	Communications and journalism
		2	66822	79000	52428.57143	109051.4286	0.330767741	0.335347376	0.953979725	0.058387947	1			0.055308558	1	0.864397883	0.908287148	"Computers, statistics, and mathematics"
		2	124669	50000	37605.31309	66853.88994	0.474279966	0.464691733	0.968855326	0.099423774	1			0.111503038	1	0.774711428	0.819984986	Education
		2	87407	67050.28107	48069.89382	92838.85072	0.349129866	0.341441625	0.975578281	0.073771892	1			0.0748899	1	0.841818937	0.899019384	Health
		2	105641	55363.37761	37100	85656.54649	0.434837471	0.42835145	0.94704418	0.087187504	1			0.092706504	1	0.733273502	0.800079266	Humanities and liberal arts
		2	25806	52229.60152	36103.9975	77365.70893	0.250866429	0.249741856	0.957693231	0.021689783	1			0.022593875	1	0.741731981	0.788597724	"Industrial arts, consumer <br> services, and recreation"
		2	27121	56407.96964	38797.14286	82523.42286	0.241549104	0.240960378	0.952636533	0.024026391	1			0.022624025	1	0.809716884	0.8275156	Law and public policy
		2	39854	75000	47450.96815	115000	0.520267375	0.511817857	0.962570798	0.034086989	1			0.03284875	1	0.835465849	0.879052441	Physical sciences
		2	66743	51577.13929	36103.9975	75210.62619	0.474001049	0.466844302	0.950391832	0.056694688	1			0.05943624	1	0.742995665	0.792502657	Psychology and social work
		2	90264	67050.28107	42500	104857.1429	0.424956023	0.419084719	0.948590765	0.075620715	1			0.07532791	1	0.799721427	0.857177799	Social sciences
	General Agriculture	3	3086	53000	36560.72106	82837.14286	0.262094666	0.259424753	0.968254749	0.002393846	0.165004769			0.002279353	0.164873275	0.77040674	0.791627849	Agriculture and natural resources
	Agricultural Economics	3	1238	68157.14286	43531.10556	103154.2786	0.290960009	0.291051252	0.976178146	0.000846667	0.058359673			0.0007631	0.05519758	0.845436243	0.847459951	Agriculture and natural resources
	Animal Sciences	3	3917	55703.31043	36385.42857	85000	0.392392051	0.387110987	0.973018937	0.002774442	0.191238734			0.002660273	0.192426559	0.764536172	0.790312267	Agriculture and natural resources
	Food Science	3	797	68157.14286	43455.02846	103154.2786	0.402678225	0.411472493	0.959902288	0.000640779	0.044168062			0.000662535	0.047923421	0.783433952	0.849100789	Agriculture and natural resources
	Plant Science and Agronomy	3	2565	55000	38000	82523.42286	0.267452061	0.269091289	0.974093707	0.001871216	0.128980569			0.001773107	0.128254834	0.779931504	0.81505423	Agriculture and natural resources
	Soil Science	3	216	68000	46728.8882	94371.42857	0.317879362	0.332447408	0.961036824	0.000153251	0.010563419			0.000147006	0.010633416	0.804585792	0.89532053	Agriculture and natural resources
	Miscellaneous Agriculture	3	3253	55000	39845.71429	82523.42286	0.173630918	0.17682915	0.973172344	0.00222951	0.15367731			0.002050027	0.148285356	0.810130181	0.825119645	Agriculture and natural resources
	Forestry	3	2100	62675.52182	46419.42536	89744.22236	0.257573082	0.25880703	0.967413146	0.001502534	0.10356779			0.00139763	0.101095291	0.859215458	0.885154	Agriculture and natural resources
	Natural Resources Management	3	2871	57000	40952.2486	82523.42286	0.285417557	0.278126533	0.953721572	0.002095493	0.144439676			0.002091846	0.151310268	0.787859506	0.853059868	Agriculture and natural resources
	Architecture	3	8672	67000	46213.1168	96000	0.347525965	0.343702804	0.922628903	0.007219468	0.073112677			0.007313716	0.080473338	0.795861749	0.872998976	Architecture and engineering
	General Engineering	3	14633	83885.71429	56734.85322	117440	0.367036416	0.365923367	0.96000916	0.015070661	0.152622935			0.013714465	0.150901244	0.878305121	0.905885447	Architecture and engineering
	Aerospace Engineering	3	2799	99236.24288	68943.074	126000	0.489934485	0.479372582	0.968928268	0.002261363	0.022901173			0.002045491	0.02250668	0.913598912	0.950301177	Architecture and engineering
	Architectural Engineering	3	532	77365.70893	55363.37761	104857.1429	0.287006389	0.275474235	0.941811414	0.000430812	0.004362896			0.000403906	0.00444421	0.854639057	0.907089524	Architecture and engineering
	Biomedical Engineering	3	2081	73400	47006.64137	113469.7064	0.537798854	0.53230232	0.960693399	0.001678344	0.016996856			0.001619446	0.017818884	0.815983709	0.871319897	Architecture and engineering
	Chemical Engineering	3	7723	99614.28571	68157.14286	136000	0.49452335	0.492942778	0.964460038	0.006189189	0.062678887			0.005657808	0.062253263	0.893866028	0.928569802	Architecture and engineering
	Civil Engineering	3	12555	85000	61892.56715	114905.1233	0.363614788	0.364795883	0.958708266	0.009885974	0.100116805			0.009027753	0.099333015	0.89221213	0.933829517	Architecture and engineering
	Electrical Engineering	3	26840	99236.24288	70000	128000	0.433437049	0.433078599	0.958498496	0.022030335	0.223104642			0.020061396	0.220736981	0.909027351	0.943446178	Architecture and engineering
	"Engineering Mechanics, Physics, and Science"	3	863	91000	61892.56715	131071.4286	0.531398398	0.522987952	0.964150768	0.00068612	0.006948443			0.000618346	0.006803701	0.901236948	0.919078288	Architecture and engineering
	Environmental Engineering	3	656	77594.28571	57452.56167	104857.1429	0.508056544	0.499485328	0.963566055	0.000503205	0.005096034			0.000469638	0.005167461	0.865494437	0.930885067	Architecture and engineering
	Geological and Geophysical Engineering	3	206	99236.24288	67898.48197	130000	0.387612972	0.401398848	0.998429014	0.000155946	0.001579287			0.000150542	0.001656423	0.900980953	0.954226475	Architecture and engineering
	Industrial and Manufacturing Engineering	3	5095	85000	60000	118627.4204	0.403975526	0.405901864	0.957071547	0.004112416	0.041647083			0.003829326	0.042134346	0.87314313	0.918132793	Architecture and engineering
	Mechanical Engineering	3	21004	91924.09867	66060	123261.8596	0.399654087	0.401063421	0.965754766	0.017126997	0.173447778			0.015464726	0.170159488	0.911933572	0.941970793	Architecture and engineering
	Metallurgical Engineering	3	476	99614.28571	67898.48197	130574.0038	0.558478404	0.544328122	0.971343213	0.000365275	0.003699192			0.000330824	0.00364008	0.903677162	0.93740212	Architecture and engineering
	Mining and Mineral Engineering	3	395	96965.02186	63720.11385	130574.0038	0.374743497	0.367786305	0.961905226	0.000298975	0.003027764			0.000265761	0.002924189	0.858890661	0.902057568	Architecture and engineering
	Petroleum Engineering	3	609	125828.5714	82523.42286	208371.6427	0.31845593	0.312308903	0.967876849	0.000486673	0.004928618			0.000437501	0.004813851	0.9179911	0.949661	Architecture and engineering
	Miscellaneous Engineering	3	1963	78642.85714	52229.60152	110000	0.326177905	0.322157254	0.956748039	0.001603174	0.016235591			0.001494956	0.016449109	0.857700997	0.889617475	Architecture and engineering
	Engineering Technologies	3	1116	67050.28107	43300	97517.14286	0.229838572	0.237306868	0.953098839	0.000971689	0.009840444			0.000904781	0.009955372	0.853391301	0.86389543	Architecture and engineering
	Engineering and Industrial Management	3	1081	84586.50843	54318.78558	123785.1343	0.309769471	0.31563019	0.941384971	0.000843699	0.00854427			0.000785542	0.008643378	0.882543857	0.908623705	Architecture and engineering
	Industrial Production Technologies	3	2463	72207.995	51577.13929	100000	0.181572562	0.183072036	0.954649317	0.001988395	0.020136791			0.00181586	0.019980038	0.882917774	0.909918362	Architecture and engineering
	Mechanical Engineering Related Technologies	3	913	67898.48197	47000	93322.85714	0.169335689	0.174346129	0.957164515	0.000736692	0.007460599			0.000682097	0.007505165	0.859662919	0.872078236	Architecture and engineering
	Miscellaneous Engineering Technologies	3	4729	72207.995	49514.05372	99000	0.21138634	0.214894792	0.946114311	0.004099002	0.041511236			0.003789831	0.041699784	0.851716076	0.880372236	Architecture and engineering
	Fine Arts	3	11039	48482.51093	31457.14286	72351.42857	0.229469044	0.23939274	0.931424342	0.009775096	0.299596468			0.010806423	0.29489314	0.661880291	0.727238031	Arts
	Drama and Theater Arts	3	4015	46000	30946.28357	67898.48197	0.275555619	0.266146119	0.922828073	0.003479655	0.106647775			0.004172666	0.113866585	0.633645186	0.692770281	Arts
	Music	3	6802	50331.42857	33628.29482	73400	0.428526373	0.446778102	0.955972559	0.005835646	0.178856444			0.006797193	0.18548649	0.662932361	0.757848183	Arts
	Visual and Performing Arts	3	1126	43118.48845	28203.98482	64000	0.283088638	0.270305539	0.931042187	0.000984249	0.030166203			0.001212865	0.033097488	0.595663711	0.659995451	Arts
	Commercial Art and Graphic Design	3	9691	48895.12805	33554.28571	72207.995	0.100026678	0.100149586	0.931407905	0.008763621	0.268595809			0.009292309	0.253574951	0.697202345	0.757254569	Arts
	"Film, Video, and Photographic Arts"	3	2462	49282.85714	31457.14286	73121.44213	0.159489307	0.169645628	0.919353857	0.002313668	0.070911501			0.002603111	0.071035487	0.667350988	0.724028208	Arts
	Studio Arts	3	1894	41942.85714	28311.42857	62675.52182	0.282522221	0.2777013	0.925986831	0.001475607	0.0452258			0.001760651	0.04804586	0.595207468	0.654675087	Arts
	Environmental Science	3	3667	57671.42857	41261.71143	83000	0.323133967	0.320047163	0.952888367	0.002960408	0.057384718			0.003021626	0.058928458	0.771309411	0.847205536	Biology and life sciences
	Biology	3	40437	72207.995	46419.42536	123785.1343	0.624420212	0.611128671	0.9688812	0.033065399	0.640941699			0.032747205	0.638643742	0.826794616	0.877175827	Biology and life sciences
	Biochemical Sciences	3	4568	78344.40228	49000	135796.964	0.719888298	0.702567093	0.967642554	0.003856511	0.074754845			0.00373635	0.072867189	0.836618116	0.883837667	Biology and life sciences
	Botany	3	613	54318.78558	37748.57143	90000	0.584676803	0.573126046	0.966378323	0.000488025	0.009459903			0.000498796	0.009727627	0.745678553	0.817429712	Biology and life sciences
	Molecular Biology	3	1582	68157.14286	45000	120000	0.682307026	0.655528488	0.969740512	0.001225712	0.023759277			0.001217831	0.023750433	0.809654055	0.862828387	Biology and life sciences
	Ecology	3	1565	52428.57143	36000	78344.40228	0.358080732	0.350239987	0.957490061	0.001207257	0.023401547			0.00127208	0.024808407	0.733817818	0.783453969	Biology and life sciences
	Microbiology	3	3153	72207.995	47006.64137	113000	0.604004045	0.582913202	0.963707043	0.002623387	0.050851897			0.002573172	0.050182608	0.833604842	0.888986506	Biology and life sciences
	Zoology	3	2882	78344.40228	48173.0481	143109.1082	0.668445594	0.645500749	0.969168889	0.002275846	0.044115142			0.002235872	0.043604494	0.827792817	0.876827802	Biology and life sciences
	Neuroscience	3	479	55574.28571	41783.68121	90000	0.754746064	0.716286058	0.963696067	0.000424917	0.008236616			0.000440772	0.008596039	0.788055889	0.845082239	Biology and life sciences
	Miscellaneous Biology	3	4138	64987.1955	42991.42857	104857.1429	0.619959281	0.602257091	0.969737407	0.003461316	0.067094356			0.003532467	0.068891004	0.792403877	0.852761677	Biology and life sciences
	General Business	3	48238	67000	42000	103154.2786	0.22860493	0.22674678	0.953927222	0.046630806	0.20180566			0.043769008	0.200169828	0.826050415	0.855436386	Business
	Accounting	3	51002	70254.28571	47006.64137	104857.1429	0.259408634	0.25418259	0.954449644	0.042954466	0.185895442			0.040163637	0.183681303	0.843144345	0.881677105	Business
	Actuarial Science	3	304	83885.71429	54671.76765	132120	0.194847731	0.205394605	0.968325408	0.000263251	0.001139279			0.000232008	0.001061047	0.901041815	0.911535918	Business
	Business Management and Administration	3	87469	62675.52182	41783.68121	94013.28273	0.211233586	0.20890691	0.947791123	0.072273113	0.312778707			0.068607078	0.313762356	0.821909378	0.854483642	Business
	Operations Logistics and E-Commerce	3	1812	73000	50000	103154.2786	0.233308541	0.230284546	0.960320934	0.001538267	0.006657207			0.001415682	0.006474372	0.866511678	0.895852197	Business
	Business Economics	3	2380	77365.70893	50000	115532.792	0.297163177	0.301145873	0.951560159	0.001886173	0.008162851			0.001756863	0.008034703	0.859713532	0.895128963	Business
	Marketing and Marketing Research	3	27934	61892.56715	41261.71143	96000	0.151307097	0.151908451	0.947348486	0.024510245	0.106073787			0.023983233	0.109683083	0.803753809	0.847958901	Business
	Finance	3	26387	75497.14286	50000	115342.8571	0.287152094	0.283758897	0.954351264	0.023121317	0.100062875			0.021492514	0.098292218	0.867781819	0.902889955	Business
	Human Resources and Personnel Management	3	5594	60000	41261.71143	87681.13679	0.296636838	0.288637951	0.941254137	0.004821269	0.020865163			0.004635211	0.02119832	0.813097451	0.852093422	Business
	International Business	3	2436	62000	41783.68121	94371.42857	0.29770273	0.290911545	0.935754009	0.002146563	0.009289751			0.002158803	0.009872902	0.781147621	0.849105501	Business
	Hospitality Management	3	4548	51380	35000	76000	0.111838066	0.114989919	0.946720372	0.004077753	0.017647427			0.004086067	0.018686908	0.72882592	0.775091796	Business
	Management Information Systems and Statistics	3	5623	77365.70893	52229.60152	104459.203	0.210193438	0.211176373	0.959032743	0.004640344	0.020082167			0.004209942	0.019253426	0.883065874	0.917907928	Business
	Miscellaneous Business and Medical Administration	3	2568	57766.396	39845.71429	90000	0.196117075	0.190107344	0.949000713	0.002204315	0.009539687			0.00214932	0.009829534	0.78631025	0.828818799	Business
	Communications and Mass Media	3	31316	53640.22486	37135.54029	83567.36243	0.209436752	0.211565809	0.940275858	0.02752523	0.678396163			0.02829913	0.682369422	0.75621433	0.809590303	Communications and journalism
	Journalism	3	10730	56407.96964	37605.31309	86649.594	0.237253891	0.234415244	0.948240191	0.009097051	0.224209014			0.009181427	0.22138932	0.76386095	0.811772061	Communications and journalism
	Advertising and Public Relations	3	4668	52608.68207	37748.57143	80000	0.175649167	0.174001772	0.942127068	0.003951695	0.097394824			0.003991304	0.096241258	0.769764633	0.811593017	Communications and journalism
	Computer and Information Systems	3	8435	69000	48234.28571	95000	0.215821003	0.217050822	0.951830183	0.00762559	0.130602122			0.007011089	0.126763181	0.865577499	0.898766023	"Computers, statistics, and mathematics"
	Computer Science	3	28036	83885.71429	58497.1537	114000	0.303358657	0.306760337	0.955499108	0.025242809	0.432329105			0.023398621	0.423056067	0.884803873	0.920403553	"Computers, statistics, and mathematics"
	Information Sciences	3	2758	73121.44213	51577.13929	100000	0.252352784	0.2575482	0.952826619	0.002381162	0.04078173			0.002206456	0.039893568	0.879531922	0.925814639	"Computers, statistics, and mathematics"
	Computer Engineering	3	6326	88790.32258	63720.11385	117595.8776	0.372559546	0.369755724	0.958443852	0.005513143	0.094422613			0.005078122	0.091814402	0.89736267	0.940513302	"Computers, statistics, and mathematics"
	Miscellaneous Computer	3	5046	59768.57143	40230.16865	87681.13679	0.176762093	0.173896446	0.932007849	0.004446775	0.076159131			0.004371563	0.079039533	0.792445542	0.835535503	"Computers, statistics, and mathematics"
	Mathematics	3	14351	77365.70893	50000	114000	0.497154077	0.501401171	0.958720126	0.011662761	0.199746035			0.011761082	0.212644889	0.834890471	0.895463228	"Computers, statistics, and mathematics"
	Applied Mathematics	3	890	90000	56622.85714	125828.5714	0.503527284	0.497783836	0.959433818	0.000687496	0.011774624			0.000675316	0.012209976	0.856567103	0.925655713	"Computers, statistics, and mathematics"
	Statistics and Decision Science	3	980	82523.42286	55363.37761	117595.8776	0.512202447	0.506919406	0.95195774	0.000828212	0.014184641			0.000806309	0.014578384	0.840011827	0.918526897	"Computers, statistics, and mathematics"
	General Education	3	31305	50000	37000	67108.57143	0.460555611	0.454027817	0.963991181	0.030117676	0.30292228			0.032112927	0.288000465	0.775394067	0.807781962	Education
	Elementary Education	3	37887	47185.71429	36700	61892.56715	0.471413265	0.456897603	0.972756109	0.02747644	0.276356834			0.032855915	0.294663854	0.760034417	0.81195422	Education
	Mathematics Teacher Education	3	2457	53274.19355	41261.71143	72000	0.548427885	0.534205344	0.978118488	0.001822791	0.018333554			0.002068138	0.018547821	0.83306063	0.878892765	Education
	Physical and Health Education Teaching	3	8474	54318.78558	40000	74271.08058	0.395800705	0.393991707	0.968463335	0.006447598	0.064849663			0.0069201	0.062061987	0.786013059	0.830783514	Education
	Early Childhood Education	3	4420	42000	31457.14286	55000	0.389934599	0.373558643	0.963666212	0.003513945	0.035343101			0.004167699	0.037377448	0.690120838	0.715893434	Education
	Science and Computer Teacher Education	3	1926	53640.22486	40230.16865	72207.995	0.523551323	0.519478372	0.969592465	0.001406679	0.014148314			0.001562019	0.014008755	0.817442989	0.858745108	Education
	Secondary Teacher Education	3	6424	53000	40843.54839	72076.8501	0.48711646	0.480685993	0.970254018	0.004772529	0.048001886			0.005097777	0.045718726	0.809482674	0.860746938	Education
	Special Needs Education	3	6751	52229.60152	41261.71143	68000	0.586920386	0.576790464	0.971286355	0.00515717	0.051870592			0.005982731	0.05365532	0.815829292	0.875082791	Education
	Social Science or History Teacher Education	3	3496	52229.60152	38649.90512	73000	0.473864879	0.459289887	0.969729491	0.002593906	0.026089394			0.002850813	0.025567135	0.788629369	0.830577165	Education
	Teacher Education: Multiple Levels	3	2670	47185.71429	36103.9975	62000	0.452015293	0.435144574	0.975316089	0.001923422	0.019345696			0.002193814	0.019674926	0.775409544	0.80076379	Education
	Language and Drama Education	3	5273	51577.13929	39321.42857	68000	0.543686093	0.52953821	0.96636161	0.003940511	0.039633491			0.004593319	0.041194567	0.769070408	0.84167894	Education
	Art and Music Education	3	6347	50140.41746	36700	66060	0.464431527	0.455985297	0.971221853	0.004916171	0.049446636			0.005595599	0.050183376	0.749291994	0.805534054	Education
	Miscellaneous Education	3	7239	56734.85322	41783.68121	77365.70893	0.524269069	0.522331331	0.968152277	0.005334937	0.05365856			0.005502187	0.049345619	0.820313092	0.864746214	Education
	Nutrition Sciences	3	1901	54318.78558	38272.85714	82523.42286	0.440115719	0.426160839	0.960882699	0.001627747	0.022064596			0.001783272	0.02381192	0.722757791	0.811293847	Health
	Communication Disorders Sciences and Services	3	4774	60000	44500	78642.85714	0.791447451	0.781326444	0.981737433	0.003767744	0.051072893			0.004344908	0.058017282	0.815416505	0.889216016	Health
	Health and Medical Administrative Services	3	3486	58898.96939	41000	86649.594	0.30530703	0.295633866	0.954757773	0.002902233	0.039340628			0.002777254	0.037084495	0.814617525	0.84981032	Health
	Health and Medical Preparatory Programs	3	1964	103154.2786	53477.14286	208918.4061	0.814295499	0.798465604	0.970776624	0.001718836	0.023299329			0.001656411	0.022117953	0.852949055	0.898617623	Health
	Nursing	3	46336	67898.48197	50545.5965	88712.67958	0.249137735	0.240536002	0.978506442	0.0394787	0.535145548			0.039617255	0.529006651	0.865842855	0.919466404	Health
	Pharmacy and Pharmaceutical Sciences and Administration	3	6718	109343.5353	80000	130022.8571	0.524625027	0.515452988	0.974784419	0.005535743	0.075038642			0.005321785	0.071061454	0.895990822	0.939564036	Health
	Treatment Therapy Professions	3	8671	63955.65272	44917.45731	83885.71429	0.404687159	0.389492197	0.980595729	0.007225487	0.097943626			0.007587158	0.101310837	0.808173899	0.870947644	Health
	Miscellaneous Health Medical Professions	3	13557	58797.93879	41365.8444	83567.36243	0.356740042	0.342699807	0.968603348	0.011515404	0.156094738			0.011801855	0.157589408	0.790925343	0.855113303	Health
	Area Ethnic and Civilization Studies	3	3452	59000	40000	97996.56465	0.487130484	0.478281299	0.944442722	0.002780701	0.031893343			0.003072391	0.033141054	0.72425343	0.829999553	Humanities and liberal arts
	Linguistics and Comparative Language and Literature	3	1928	54671.76765	36000	85656.54649	0.502774952	0.494961982	0.93428945	0.001679057	0.019258005			0.001917769	0.020686452	0.681434264	0.778670393	Humanities and liberal arts
	"French, German, Latin and other common Foreign Language Studies"	3	6708	55574.28571	39426.28571	83000	0.497542771	0.488263181	0.953608812	0.005482675	0.06288372			0.006108553	0.065891305	0.738701421	0.826678401	Humanities and liberal arts
	Other Foreign Languages	3	1666	55363.37761	35861.14286	88000	0.493758515	0.489402671	0.942438087	0.001350883	0.015494			0.001458183	0.015729027	0.700559045	0.776699685	Humanities and liberal arts
	English Language and Literature	3	30570	56407.96964	38270.23735	84934.28571	0.449403217	0.446416661	0.947292713	0.02530794	0.29027026			0.027393124	0.295482222	0.738267286	0.812653741	Humanities and liberal arts
	Composition and Speech	3	1562	49095.82543	33554.28571	74271.08058	0.309238761	0.322126065	0.94369995	0.001303967	0.014955891			0.001457706	0.015723884	0.683597956	0.756655201	Humanities and liberal arts
	Liberal Arts	3	14630	53477.14286	36490.28571	82000	0.261685876	0.263408193	0.943698487	0.01275259	0.146266262			0.013590624	0.146598384	0.730332945	0.789326246	Humanities and liberal arts
	Humanities	3	1203	52428.57143	35000	82523.42286	0.395648255	0.380728961	0.923671599	0.000965894	0.01107835			0.001091037	0.011768715	0.705526388	0.775520364	Humanities and liberal arts
	Multi/Interdisciplinary Studies	3	1059	47185.71429	36490.28571	62914.28571	0.282566093	0.268905683	0.94126139	0.000846087	0.009704218			0.000917456	0.00989635	0.731823333	0.803780352	Humanities and liberal arts
	Intercultural and International Studies	3	1661	55000	36700	85000	0.422215912	0.41651471	0.935194727	0.001372115	0.015737523			0.001550695	0.016726926	0.702045976	0.786904165	Humanities and liberal arts
	Philosophy and Religious Studies	3	7716	55574.28571	36103.9975	90000	0.571732932	0.551891262	0.9462843	0.006350648	0.072838973			0.006596746	0.071157315	0.714613114	0.779641988	Humanities and liberal arts
	Theology and Religious Vocations	3	7385	42000	29398.96939	61892.56715	0.413447237	0.40076757	0.964207969	0.005780182	0.066295991			0.005761412	0.062146789	0.662583993	0.674950767	Humanities and liberal arts
	Art History and Criticism	3	2334	52229.60152	34784.91461	82523.42286	0.415401778	0.41037163	0.93732874	0.001924807	0.022076635			0.00214277	0.023113484	0.67660357	0.767099686	Humanities and liberal arts
	History	3	23767	62675.52182	41261.71143	100000	0.476107057	0.467266508	0.948106265	0.019289959	0.22124683			0.01964804	0.211938094	0.776488225	0.834771759	Humanities and liberal arts
	Family and Consumer Sciences	3	8404	46419.42536	32382.35294	67050.28107	0.306233268	0.298312004	0.95756889	0.006673541	0.307681341			0.007621011	0.337304296	0.674220043	0.737981626	"Industrial arts, consumer <br> services, and recreation"
	Military Technologies	3	90	70000	41261.71143	94013.28273	0.342099496	0.32261851	0.960462646	7.56598E-05	0.003488269			7.33406E-05	0.003246039	0.80993228	0.879026956	"Industrial arts, consumer <br> services, and recreation"
	"Physical Fitness, Parks, Recreation, and Leisure"	3	10241	50000	35072.45472	71000	0.290468854	0.286705734	0.962401203	0.008717542	0.401919274			0.008920679	0.394827324	0.737383193	0.780160723	"Industrial arts, consumer <br> services, and recreation"
	Miscellaneous Industrial Arts and Consumer Services	3	3549	61892.56715	40634.62998	90000	0.099587744	0.101696605	0.942130353	0.003181443	0.146679321			0.0030562	0.135266751	0.800624039	0.829812739	"Industrial arts, consumer <br> services, and recreation"
	Transportation Sciences and Technologies	3	3522	73121.44213	46419.42536	103154.2786	0.171846465	0.163249815	0.960852452	0.003041597	0.140231795			0.002922644	0.12935559	0.867753352	0.878475989	"Industrial arts, consumer <br> services, and recreation"
	Pre-Law and Legal Studies	3	2059	55000	38000	82523.42286	0.320075709	0.313081933	0.937166794	0.00194482	0.080945164			0.001916756	0.084722123	0.776344383	0.809183995	Law and public policy
	Criminal Justice and Fire Protection	3	22347	55000	38000	80000	0.205124658	0.204557229	0.955165532	0.019775115	0.823058099			0.018495821	0.81753007	0.808421586	0.821831404	Law and public policy
	Public Administration	3	2011	65000	44499.62049	98565.71429	0.457879135	0.454192026	0.939121628	0.001742422	0.072521183			0.001650557	0.07295595	0.84788182	0.886320057	Law and public policy
	Public Policy	3	704	73239.53779	51577.13929	115342.8571	0.579542281	0.56743291	0.964508598	0.000564033	0.023475554			0.000560892	0.024791857	0.854165929	0.908353299	Law and public policy
	Multidisciplinary or General Science	3	11602	63720.11385	41942.85714	100000	0.32872667	0.325436764	0.9595422	0.011252278	0.330104774			0.010997307	0.334786168	0.815458617	0.85103707	Physical sciences
	Physical Sciences	3	315	65809.29791	40112.33397	104459.203	0.443033281	0.447781448	0.964197592	0.000268291	0.007870785			0.000258642	0.007873733	0.828788693	0.826365069	Physical sciences
	Astronomy and Astrophysics	3	228	85000	53274.19355	122000	0.675084908	0.666606485	0.955511335	0.000190401	0.00558575			0.000183395	0.005582998	0.799234491	0.855873901	Physical sciences
	Atmospheric Sciences and Meteorology	3	622	70254.28571	45088.57143	103154.2786	0.426866913	0.440520884	0.972119308	0.000518352	0.015206733			0.000478022	0.014552204	0.839371061	0.869392064	Physical sciences
	Chemistry	3	14284	83567.36243	51000	128974.2857	0.64145986	0.632253472	0.966076491	0.011621325	0.34093139			0.011107262	0.338133467	0.850338315	0.898009704	Physical sciences
	Geology and Earth Science	3	4382	73400	49095.82543	110000	0.471849384	0.467166195	0.958064724	0.003363868	0.098684822			0.003246164	0.098821531	0.839323454	0.897416118	Physical sciences
	Geosciences	3	422	73400	48000	110000	0.543545478	0.543563209	0.964896299	0.000321757	0.009439299			0.000308434	0.009389533	0.83283236	0.88242721	Physical sciences
	Oceanography	3	481	74166.03416	48051.2334	106000	0.484037172	0.455643188	0.9642179	0.000352391	0.010337991			0.000338373	0.010300949	0.841223555	0.897870839	Physical sciences
	Physics	3	6707	90000	54525.71429	125828.5714	0.699157443	0.684650796	0.96318986	0.005533894	0.162346219			0.005293701	0.16115379	0.841760593	0.885105739	Physical sciences
	"Nuclear, Industrial Radiology, and Biological Technologies"	3	811	75302.62336	51577.13929	104857.1429	0.467139987	0.470205693	0.965490829	0.000664432	0.019492238			0.000637451	0.019405627	0.85798878	0.902374506	Physical sciences
	Psychology	3	52323	52428.57143	36700	79388.99431	0.482857763	0.476061381	0.950690249	0.044496065	0.784836591			0.046946294	0.789859766	0.74695906	0.801530259	Psychology and social work
	Industrial and Organizational Psychology	3	603	67898.48197	46419.42536	99000	0.452952986	0.441057695	0.93453527	0.000495528	0.008740286			0.000514901	0.008663075	0.783818196	0.873598795	Psychology and social work
	Social Psychology	3	303	51577.13929	38000	80000	0.421698839	0.400945757	0.904486752	0.000247814	0.00437102			0.000264675	0.004453093	0.756930544	0.84868355	Psychology and social work
	Human Services and Community Organization	3	2266	41261.71143	30946.28357	58497.1537	0.273250078	0.272925166	0.932383275	0.001915919	0.033793628			0.001983461	0.033371234	0.689210665	0.687419947	Psychology and social work
	Social Work	3	11248	45962.04934	34040.91193	61892.56715	0.475460771	0.465059819	0.954664765	0.009539362	0.168258475			0.009726909	0.163652833	0.732294009	0.765826806	Psychology and social work
	Interdisciplinary Social Sciences	3	1764	51000	35966	76334.16615	0.349957379	0.342897493	0.947458447	0.001419993	0.018777837			0.001495804	0.01985723	0.741453351	0.796348626	Social sciences
	General Social Sciences	3	3147	54318.78558	37605.31309	82523.42286	0.34354761	0.333809585	0.93907577	0.002564052	0.033906736			0.002692894	0.035748957	0.748069584	0.805986944	Social sciences
	Economics	3	24638	83885.71429	51577.13929	140000	0.418473805	0.41748705	0.950561851	0.021043317	0.278274498			0.020250764	0.2688348	0.838730775	0.888795341	Social sciences
	Anthropology and Archeology	3	4529	52428.57143	36103.9975	82837.14286	0.46581083	0.455466469	0.94407874	0.003679806	0.048661345			0.00401076	0.053244011	0.70750393	0.780092102	Social sciences
	Criminology	3	2060	52428.57143	36700	78642.85714	0.207855787	0.209407408	0.951926492	0.001817096	0.024029071			0.00171323	0.022743622	0.788265671	0.810841516	Social sciences
	Geography	3	3609	61892.56715	41942.85714	87681.13679	0.307136733	0.307616812	0.944157668	0.002852497	0.037721111			0.002908108	0.038605987	0.779991666	0.854405418	Social sciences
	International Relations	3	3027	72207.995	46419.42536	113469.7064	0.52956616	0.514299665	0.946417449	0.002615362	0.034585259			0.002631103	0.034928657	0.803202481	0.881228167	Social sciences
	Political Science and Government	3	28984	74000	47185.71429	117595.8776	0.503068788	0.491098923	0.949393057	0.024312871	0.32151073			0.023859637	0.316743649	0.824008164	0.883122809	Social sciences
	Sociology	3	17835	52229.60152	36700	77000	0.34510109	0.347558597	0.94834146	0.014790381	0.195586368			0.015246936	0.202407522	0.75307613	0.804618725	Social sciences
	Miscellaneous Social Sciences	3	671	66018.73829	46419.42536	103000	0.501515008	0.486989939	0.952852261	0.000525341	0.006947048			0.000518675	0.006885565	0.810734896	0.879509516	Social sciences
Bachelors		4	741238	57000	38579.70019	85656.54649	0	0	0.949700968	1	1			1	1	0.770457284	0.81725119	
Graduate degree		4	443658	75000	51061.3679	113469.7064	1	1	0.965706924	1	1	18000	0.315789474	1	1	0.859262579	0.912803304	
Bachelors		6	14427	52428.57143	36560.72106	78642.85714	0	0	0.965603812	0.016215707	1			0.015413369	1	0.770012015	0.796805943	Agriculture and natural resources
Bachelors		6	70750	80000	55000	108002.8571	0	0	0.952227609	0.094404165	1			0.086808771	1	0.871776631	0.908911291	Architecture and engineering
Bachelors		6	27550	45000	30946.28357	67898.48197	0	0	0.930405053	0.039082939	1			0.043260824	1	0.644058262	0.702656766	Arts
Bachelors		6	23854	52428.57143	36560.72106	78642.85714	0	0	0.951280621	0.031416299	1			0.032389173	1	0.726247846	0.789604656	Biology and life sciences
Bachelors		6	204704	61892.56715	41777.48282	94013.28273	0	0	0.949434851	0.279619955	1			0.265002247	1	0.812783126	0.846773055	Business
Bachelors		6	36210	52229.60152	36103.9975	80000	0	0	0.938823992	0.049991017	1			0.050932579	1	0.743969064	0.790092223	Communications and journalism
Bachelors		6	44231	73239.53779	49514.05372	103154.2786	0	0	0.949664188	0.061126471	1			0.057366659	1	0.849840413	0.890946564	"Computers, statistics, and mathematics"
Bachelors		6	64240	42828.27325	32486.81214	56407.96964	0	0	0.961309703	0.081766239	1			0.093145772	1	0.698574948	0.738290522	Education
Bachelors		6	56042	61892.56715	45000	82523.42286	0	0	0.973560537	0.075112897	1			0.076964424	1	0.820245665	0.879477024	Health
Bachelors		6	57330	49000	32500	73400	0	0	0.938014123	0.077082689	1			0.082701199	1	0.6803207	0.740987309	Humanities and liberal arts
Bachelors		6	18981	49178	33525.14054	73121.44213	0	0	0.95485691	0.025418137	1			0.026452939	1	0.713548371	0.755004003	"Industrial arts, consumer <br> services, and recreation"
Bachelors		6	20475	52428.57143	36700	75497.14286	0	0	0.94980592	0.028506589	1			0.026798274	1	0.792884506	0.805136264	Law and public policy
Bachelors		6	18107	61865.71429	40230.16865	91924.09867	0	0	0.951986921	0.025580978	1			0.025024951	1	0.783963161	0.828715949	Physical sciences
Bachelors		6	34181	44000	31457.14286	64987.1955	0	0	0.938100954	0.046650521	1			0.049451319	1	0.676542986	0.716307429	Psychology and social work
Bachelors		6	50156	56734.85322	37605.31309	89128.57143	0	0	0.94252549	0.068025398	1			0.0682875	1	0.759017671	0.811783861	Social sciences
Graduate degree		6	5616	71032.25807	48573.52941	103154.2786	1	1	0.976064821	0.011481214	1	18603.68664	0.35483871	0.010990972	1	0.850993022	0.895549306	Agriculture and natural resources
Graduate degree		6	46654	100280.8349	71302.85714	135796.964	1	1	0.964071209	0.106435317	1	20280.83492	0.253510436	0.098153491	1	0.904659939	0.942614103	Architecture and engineering
Graduate degree		6	9479	56734.85322	40000	81788.57143	1	1	0.945025354	0.021188556	1	11734.85322	0.260774516	0.024842829	1	0.721068767	0.826036923	Arts
Graduate degree		6	39230	88000	52428.57143	154000	1	1	0.978039367	0.087334471	1	35571.42857	0.678474114	0.08497098	1	0.881101807	0.923764153	Biology and life sciences
Graduate degree		6	61591	83567.36243	54525.71429	125351.0436	1	1	0.956186508	0.145033465	1	21674.79528	0.350200295	0.135982668	1	0.882389077	0.923219083	Business
Graduate degree		6	10504	64987.1955	45000	94901.93629	1	1	0.955000998	0.023886952	1	12757.59399	0.244259838	0.024593737	1	0.8155258	0.885120151	Communications and journalism
Graduate degree		6	22591	91000	62914.28571	124816.6771	1	1	0.962663818	0.053535275	1	17760.46221	0.242498284	0.051636862	1	0.893250534	0.943371822	"Computers, statistics, and mathematics"
Graduate degree		6	60429	57671.42857	45697.34541	74271.08058	1	1	0.97766812	0.130712978	1	14843.15533	0.346573752	0.144252795	1	0.862417931	0.910539973	Education
Graduate degree		6	31365	80000	55363.37761	110100	1	1	0.979399935	0.071395626	1	18107.43285	0.292562317	0.071188904	1	0.883428563	0.935451495	Health
Graduate degree		6	48311	66060	45962.04934	103154.2786	1	1	0.959073916	0.105093267	1	17060	0.348163265	0.110556183	1	0.80394069	0.876881663	Humanities and liberal arts
Graduate degree		6	6825	62675.52182	45000	88080	1	1	0.966290766	0.015083129	1	13497.52182	0.274462602	0.015709221	1	0.826399337	0.888914791	"Industrial arts, consumer <br> services, and recreation"
Graduate degree		6	6646	70144.90943	47185.71429	103154.2786	1	1	0.961434608	0.016087466	1	17716.338	0.337913804	0.015177076	1	0.862739882	0.897785486	Law and public policy
Graduate degree		6	21747	94013.28273	58497.1537	140000	1	1	0.972704573	0.049159665	1	32147.56845	0.519634645	0.046806576	1	0.884590146	0.925467148	Physical sciences
Graduate degree		6	32562	60000	42293.25422	85656.54649	1	1	0.964219446	0.074492981	1	16000	0.363636364	0.077249554	1	0.818887402	0.877056499	Psychology and social work
Graduate degree		6	40108	83567.36243	53274.19355	133168.5714	1	1	0.956842984	0.08907964	1	26832.50921	0.472945777	0.087888153	1	0.856143035	0.91860418	Social sciences
Bachelors	General Agriculture	7	2303	50751.90506	34602.85714	78344.40228	0	0	0.966894385	0.002763288	0.170408103			0.002634227	0.170905341	0.75124948	0.765090465	Agriculture and natural resources
Bachelors	Agricultural Economics	7	901	62675.52182	41000	95933.47908	0	0	0.974253579	0.000939102	0.057913082			0.000844245	0.054773571	0.834506396	0.816254661	Agriculture and natural resources
Bachelors	Animal Sciences	7	2408	47006.64137	31337.76091	73121.44213	0	0	0.96463282	0.00263711	0.162626907			0.002544372	0.165075655	0.705427459	0.722223315	Agriculture and natural resources
Bachelors	Food Science	7	472	64987.1955	40000	95000	0	0	0.951105976	0.00059875	0.036924088			0.000608483	0.039477601	0.737776193	0.821950744	Agriculture and natural resources
Bachelors	Plant Science and Agronomy	7	1884	51904.28571	35516.12903	75000	0	0	0.974815599	0.002144319	0.132237136			0.002022417	0.131211851	0.761735896	0.788591923	Agriculture and natural resources
Bachelors	Soil Science	7	148	67108.57143	45088.57143	93322.85714	0	0	0.947822869	0.000163529	0.010084602			0.000153141	0.009935609	0.813617653	0.893964628	Agriculture and natural resources
Bachelors	Miscellaneous Agriculture	7	2694	52608.68207	37857.62024	79000	0	0	0.975976199	0.002882125	0.177736615			0.002633431	0.170853715	0.797723179	0.812278381	Agriculture and natural resources
Bachelors	Forestry	7	1566	60000	44564.28571	82523.42286	0	0	0.96482689	0.001745048	0.107614679			0.001616575	0.104881382	0.852951141	0.873120629	Agriculture and natural resources
Bachelors	Natural Resources Management	7	2051	52608.68207	38000	75497.14286	0	0	0.946298818	0.002342437	0.144454788			0.002356477	0.152885276	0.762341632	0.828807131	Agriculture and natural resources
Bachelors	Architecture	7	5598	63720.11385	42781.71429	91924.09867	0	0	0.919350393	0.007368815	0.078056038			0.007490505	0.086287424	0.778998749	0.85854056	Architecture and engineering
Bachelors	General Engineering	7	8955	78000	52229.60152	104857.1429	0	0	0.955932337	0.014922455	0.158069874			0.013570415	0.156325385	0.860073395	0.887986755	Architecture and engineering
Bachelors	Aerospace Engineering	7	1393	85618.05122	61892.56715	113860.5313	0	0	0.960795757	0.001804369	0.019113238			0.00166187	0.019144032	0.90854652	0.949894701	Architecture and engineering
Bachelors	Architectural Engineering	7	370	77365.70893	54000	104459.203	0	0	0.935676224	0.00048051	0.005089921			0.000456675	0.005260698	0.842863932	0.891956815	Architecture and engineering
Bachelors	Biomedical Engineering	7	983	67898.48197	42293.25422	95000	0	0	0.945669135	0.001213504	0.012854352			0.001181964	0.013615721	0.771637159	0.847864655	Architecture and engineering
Bachelors	Chemical Engineering	7	3898	91000	64000	125351.0436	0	0	0.961885915	0.004894002	0.051840951			0.004476903	0.051572007	0.878053904	0.912790343	Architecture and engineering
Bachelors	Civil Engineering	7	7965	80000	57766.396	104857.1429	0	0	0.953337368	0.00984167	0.10425038			0.008948814	0.103086516	0.884831555	0.922744739	Architecture and engineering
Bachelors	Electrical Engineering	7	14895	90000	62914.28571	118000	0	0	0.952659821	0.019525336	0.206827061			0.017748289	0.204452719	0.898559897	0.933902929	Architecture and engineering
Bachelors	"Engineering Mechanics, Physics, and Science"	7	393	76255.21822	50000	108637.5712	0	0	0.950950066	0.00050296	0.005327726			0.000460292	0.005302364	0.86470892	0.881307857	Architecture and engineering
Bachelors	Environmental Engineering	7	332	73239.53779	57452.56167	98191.65085	0	0	0.963208325	0.000387248	0.004102023			0.00036682	0.004225606	0.844292315	0.921966576	Architecture and engineering
Bachelors	Geological and Geophysical Engineering	7	125	87000	60817.14286	115000	0	0	1	0.000149393	0.001582478			0.000140627	0.001619958	0.869635509	0.944265995	Architecture and engineering
Bachelors	Industrial and Manufacturing Engineering	7	3008	78397.25172	53640.22486	104857.1429	0	0	0.953425917	0.003834338	0.040616198			0.003550201	0.040896806	0.860805957	0.899143917	Architecture and engineering
Bachelors	Mechanical Engineering	7	12461	83567.36243	61892.56715	110726.7552	0	0	0.963197518	0.016084666	0.17038089			0.01445425	0.16650679	0.906897368	0.935234773	Architecture and engineering
Bachelors	Metallurgical Engineering	7	225	92000	64764.70588	123261.8596	0	0	0.970642821	0.00025229	0.002672449			0.000235246	0.00270993	0.876427693	0.919241248	Architecture and engineering
Bachelors	Mining and Mineral Engineering	7	253	90177.14286	53274.19355	126000	0	0	0.960831273	0.00029243	0.00309764			0.000262197	0.003020399	0.821890273	0.866507007	Architecture and engineering
Bachelors	Petroleum Engineering	7	407	128942.8482	85000	210000	0	0	0.9642592	0.000518873	0.005496291			0.00046951	0.005408551	0.915479938	0.955633873	Architecture and engineering
Bachelors	Miscellaneous Engineering	7	1336	73400	50331.42857	100059.6502	0	0	0.954012964	0.001689877	0.017900449			0.001581357	0.018216555	0.851760846	0.887059763	Architecture and engineering
Bachelors	Engineering Technologies	7	869	62914.28571	41942.85714	94371.42857	0	0	0.952583385	0.00117068	0.012400724			0.001076876	0.012405157	0.864067328	0.861332063	Architecture and engineering
Bachelors	Engineering and Industrial Management	7	757	75000	50140.41746	109682.1632	0	0	0.944400113	0.000910984	0.009649831			0.000838944	0.009664275	0.88825109	0.902807437	Architecture and engineering
Bachelors	Industrial Production Technologies	7	2003	70144.90943	50000	96102.46679	0	0	0.952722313	0.002545729	0.026966279			0.002314934	0.026667052	0.87339348	0.90010189	Architecture and engineering
Bachelors	Mechanical Engineering Related Technologies	7	760	65000	45000	88790.32258	0	0	0.958546107	0.000957284	0.010140277			0.000878854	0.010124025	0.853228917	0.868165068	Architecture and engineering
Bachelors	Miscellaneous Engineering Technologies	7	3764	68157.14286	47006.64137	94013.28273	0	0	0.945264242	0.005056753	0.05356493			0.00464323	0.053488029	0.845726012	0.871606857	Architecture and engineering
Bachelors	Fine Arts	7	8249	45387.88257	30000	68157.14286	0	0	0.929267213	0.011782579	0.301476283			0.0128267	0.296496884	0.641638737	0.697593734	Arts
Bachelors	Drama and Theater Arts	7	2815	41261.71143	28800	61892.56715	0	0	0.917986141	0.003943396	0.100898154			0.004778545	0.110458944	0.596526854	0.639440502	Arts
Bachelors	Music	7	3687	45000	30946.28357	67050.28107	0	0	0.952433229	0.005216922	0.133483369			0.005868153	0.135645891	0.634170008	0.709979267	Arts
Bachelors	Visual and Performing Arts	7	801	39845.71429	26214.28571	58720	0	0	0.919774231	0.001103824	0.028243108			0.001381102	0.031925013	0.560574657	0.60626711	Arts
Bachelors	Commercial Art and Graphic Design	7	8633	47185.71429	33009.36914	71032.25807	0	0	0.930794525	0.012337935	0.31568594			0.013048676	0.30162801	0.68932667	0.747511889	Arts
Bachelors	"Film, Video, and Photographic Arts"	7	2048	47006.64137	30946.28357	72207.995	0	0	0.922486423	0.0030421	0.077837037			0.003373095	0.077971132	0.655693558	0.705055785	Arts
Bachelors	Studio Arts	7	1317	38476.54591	26000	57671.42857	0	0	0.919384244	0.001656183	0.04237611			0.001984553	0.045874126	0.544061363	0.591812124	Arts
Bachelors	Environmental Science	7	2455	54318.78558	39198.62586	77365.70893	0	0	0.949621349	0.00313461	0.099776541			0.00320621	0.098990173	0.739050136	0.825127433	Biology and life sciences
Bachelors	Biology	7	14690	52428.57143	36560.72106	80000	0	0	0.950843279	0.019426977	0.618372563			0.019872507	0.613554017	0.733919535	0.791722438	Biology and life sciences
Bachelors	Biochemical Sciences	7	1191	55574.28571	35600	84586.50843	0	0	0.94342589	0.001689877	0.053789817			0.00173424	0.053543807	0.716315987	0.783428883	Biology and life sciences
Bachelors	Botany	7	235	47006.64137	31457.14286	70000	0	0	0.967872775	0.000317072	0.010092583			0.000332273	0.010258758	0.653220539	0.724640052	Biology and life sciences
Bachelors	Molecular Biology	7	485	51000	31457.14286	74000	0	0	0.962756255	0.000609152	0.019389665			0.000654656	0.020212175	0.663467458	0.733611531	Biology and life sciences
Bachelors	Ecology	7	970	47185.71429	31874.67208	70000	0	0	0.954930383	0.001212298	0.038588194			0.001289852	0.039823559	0.687289188	0.730195239	Biology and life sciences
Bachelors	Microbiology	7	1218	58000	40000	83885.71429	0	0	0.952453865	0.001625109	0.051728202			0.001674819	0.051709208	0.771144033	0.829895056	Biology and life sciences
Bachelors	Zoology	7	929	54525.71429	35072.45472	80000	0	0	0.949230997	0.001180394	0.037572661			0.0012369	0.038188693	0.695850148	0.777498215	Biology and life sciences
Bachelors	Neuroscience	7	114	45000	30430.51218	77594.28571	0	0	0.926631755	0.000163023	0.005189127			0.000195149	0.006025142	0.610993434	0.714956245	Biology and life sciences
Bachelors	Miscellaneous Biology	7	1567	52229.60152	34602.85714	77299.81025	0	0	0.958145039	0.002057788	0.065500648			0.002192568	0.067694468	0.691692432	0.763195876	Biology and life sciences
Bachelors	General Business	7	36892	62000	41261.71143	95933.47908	0	0	0.952614099	0.056270274	0.201238408			0.052815444	0.199301872	0.81026699	0.83714979	Business
Bachelors	Accounting	7	37329	65000	43872.86528	99236.24288	0	0	0.951907678	0.049764107	0.177970515			0.046745311	0.176395903	0.824711019	0.862363217	Business
Bachelors	Actuarial Science	7	237	74448.57143	53000	125828.5714	0	0	0.97287432	0.000331571	0.001185792			0.000287691	0.001085619	0.88925608	0.894078072	Business
Bachelors	Business Management and Administration	7	68864	59541.74573	40000	88080	0	0	0.946028841	0.089177321	0.318923308			0.084697192	0.319609333	0.807728513	0.838900756	Business
Bachelors	Operations Logistics and E-Commerce	7	1365	67898.48197	47185.71429	95000	0	0	0.955597838	0.001844937	0.006598016			0.001700468	0.006416805	0.854936827	0.882359144	Business
Bachelors	Business Economics	7	1661	72000	48000	105000	0	0	0.948642452	0.002073792	0.007416466			0.001916006	0.007230151	0.850042609	0.882771215	Business
Bachelors	Marketing and Marketing Research	7	23429	60000	40000	92274.28571	0	0	0.947388356	0.032540744	0.116374899			0.031741173	0.119776994	0.793984688	0.835949438	Business
Bachelors	Finance	7	18710	68157.14286	46419.42536	104459.203	0	0	0.953390018	0.025783311	0.092208409			0.024022542	0.090650333	0.853731867	0.88641867	Business
Bachelors	Human Resources and Personnel Management	7	4000	55703.31043	39611.24297	81788.57143	0	0	0.94062492	0.005304815	0.018971517			0.005145561	0.019417046	0.791603069	0.831289071	Business
Bachelors	International Business	7	1690	56407.96964	40000	83885.71429	0	0	0.931883468	0.002358272	0.008433847			0.002388833	0.009014389	0.761900848	0.830770585	Business
Bachelors	Hospitality Management	7	4010	50000	34100	73400	0	0	0.949020958	0.005665554	0.020261622			0.00564321	0.021294953	0.722005728	0.762607418	Business
Bachelors	Management Information Systems and Statistics	7	4426	73400	50140.41746	100662.8571	0	0	0.958806434	0.00573324	0.020503688			0.005182371	0.019555951	0.874137058	0.908542861	Business
Bachelors	Miscellaneous Business and Medical Administration	7	2091	55000	37135.54029	84586.50843	0	0	0.948469323	0.002772016	0.009913513			0.002716445	0.01025065	0.767208649	0.805037008	Business
Bachelors	Communications and Mass Media	7	24329	52000	36103.9975	80000	0	0	0.937270471	0.03404057	0.680933734			0.034818578	0.683620948	0.741143376	0.789188862	Communications and journalism
Bachelors	Journalism	7	8089	52428.57143	36103.9975	81788.57143	0	0	0.945011729	0.010854502	0.217129042			0.010969226	0.215367566	0.74576573	0.790126687	Communications and journalism
Bachelors	Advertising and Public Relations	7	3792	51811.76471	36560.72106	78000	0	0	0.936035753	0.005095946	0.101937224			0.005144776	0.101011487	0.759261938	0.796053201	Communications and journalism
Bachelors	Computer and Information Systems	7	6631	66018.73829	46419.42536	91000	0	0	0.951146475	0.009354442	0.153034227			0.008566266	0.149324812	0.857006192	0.885984638	"Computers, statistics, and mathematics"
Bachelors	Computer Science	7	19371	80000	52428.57143	107592.9791	0	0	0.952562213	0.027509087	0.450035581			0.025313148	0.441251918	0.874064851	0.907351121	"Computers, statistics, and mathematics"
Bachelors	Information Sciences	7	2070	69987.66603	49282.85714	95000	0	0	0.951877192	0.002784933	0.045560187			0.002556442	0.044563206	0.875846373	0.920669293	"Computers, statistics, and mathematics"
Bachelors	Computer Engineering	7	3972	83567.36243	61630.92979	110000	0	0	0.948854415	0.005411292	0.088526167			0.004994414	0.08706127	0.883302917	0.926955884	"Computers, statistics, and mathematics"
Bachelors	Miscellaneous Computer	7	4183	56734.85322	38800	82523.42286	0	0	0.931379363	0.005726639	0.093685089			0.005635646	0.098239046	0.778605797	0.822056546	"Computers, statistics, and mathematics"
Bachelors	Mathematics	7	7116	68081.82386	43000	103154.2786	0	0	0.951941532	0.009174144	0.150084635			0.009151052	0.159518655	0.799325593	0.858153632	"Computers, statistics, and mathematics"
Bachelors	Applied Mathematics	7	420	76000	50000	109682.1632	0	0	0.951554703	0.000533943	0.008735053			0.000529262	0.009225943	0.820482281	0.916201117	"Computers, statistics, and mathematics"
Bachelors	Statistics and Decision Science	7	468	72351.42857	45000	104857.1429	0	0	0.941700052	0.00063199	0.010339061			0.000620429	0.010815151	0.80320469	0.889965114	"Computers, statistics, and mathematics"
Bachelors	General Education	7	16439	43324.797	32000	57671.42857	0	0	0.958797852	0.025415426	0.310830316			0.027360429	0.293737743	0.710655828	0.734013141	Education
Bachelors	Elementary Education	7	19744	41261.71143	31457.14286	51577.13929	0	0	0.964568182	0.022719876	0.277863782			0.027846318	0.298954183	0.670025852	0.717301907	Education
Bachelors	Mathematics Teacher Education	7	1084	45717.71429	36103.9975	60000	0	0	0.966100997	0.001287637	0.015747777			0.001503303	0.016139254	0.758465663	0.809908948	Education
Bachelors	Physical and Health Education Teaching	7	5026	48000	35000	65000	0	0	0.961538165	0.00609407	0.074530393			0.006544304	0.07025873	0.730333885	0.770434168	Education
Bachelors	Early Childhood Education	7	2625	37135.54029	28311.42857	47185.71429	0	0	0.955418359	0.003353517	0.04101347			0.004074265	0.043740739	0.604874015	0.61203906	Education
Bachelors	Science and Computer Teacher Education	7	910	45600	34866.14616	60000	0	0	0.958191742	0.001048432	0.01282231			0.00117131	0.012575016	0.750405844	0.785588817	Education
Bachelors	Secondary Teacher Education	7	3201	46316.27108	35516.12903	61892.56715	0	0	0.958799328	0.003829099	0.046829825			0.004131268	0.044352715	0.743272382	0.795586716	Education
Bachelors	Special Needs Education	7	2767	43872.86528	35000	54318.78558	0	0	0.958090391	0.003332533	0.040756834			0.003951186	0.042419377	0.733146067	0.794179571	Education
Bachelors	Social Science or History Teacher Education	7	1824	45000	33426.94497	61892.56715	0	0	0.960582067	0.002134916	0.026109993			0.002405502	0.025825136	0.714545931	0.757195621	Education
Bachelors	Teacher Education: Multiple Levels	7	1443	40739.08918	30946.28357	52229.60152	0	0	0.967643224	0.001648816	0.020165002			0.001933791	0.020760914	0.692380041	0.700148663	Education
Bachelors	Language and Drama Education	7	2358	43324.797	33426.94497	55000	0	0	0.959777126	0.002812843	0.034401034			0.003372279	0.036204317	0.685699839	0.756950656	Education
Bachelors	Art and Music Education	7	3322	43700	32000	56407.96964	0	0	0.964908003	0.004118805	0.050372932			0.004750395	0.050999575	0.685414451	0.737312766	Education
Bachelors	Miscellaneous Education	7	3497	50000	36103.9975	72207.995	0	0	0.961171994	0.003970269	0.048556332			0.004101423	0.044032304	0.758522684	0.7986607	Education
Bachelors	Nutrition Sciences	7	1021	49095.82543	33426.94497	69000	0	0	0.948189458	0.001425655	0.018980162			0.00159691	0.020748673	0.669917426	0.750077325	Health
Bachelors	Communication Disorders Sciences and Services	7	966	43324.797	32382.35294	60000	0	0	0.96260334	0.00122921	0.016364834			0.001482687	0.019264572	0.644983447	0.734403191	Health
Bachelors	Health and Medical Administrative Services	7	2411	52428.57143	37135.54029	76000	0	0	0.954307379	0.003153947	0.041989417			0.003052717	0.039664005	0.777442265	0.81466937	Health
Bachelors	Health and Medical Preparatory Programs	7	342	52229.60152	33500	85982.85714	0	0	0.938889097	0.000499328	0.006647701			0.000520943	0.006768615	0.660761754	0.754344043	Health
Bachelors	Nursing	7	34073	62914.28571	48276.20237	81788.57143	0	0	0.977761576	0.046371631	0.617359097			0.046953078	0.610062102	0.854674718	0.910065213	Health
Bachelors	Pharmacy and Pharmaceutical Sciences and Administration	7	3289	105000	78000	125828.5714	0	0	0.97184281	0.004116626	0.054805852			0.004024072	0.052284834	0.878494185	0.92426949	Health
Bachelors	Treatment Therapy Professions	7	5254	61630.92979	40739.08918	80000	0	0	0.980094797	0.006728862	0.089583305			0.007228412	0.093918867	0.768442151	0.8333298	Health
Bachelors	Miscellaneous Health Medical Professions	7	8686	53274.19355	38649.90512	73121.44213	0	0	0.965245078	0.011587639	0.15426963			0.012105606	0.157288332	0.757231809	0.822294375	Health
Bachelors	Area Ethnic and Civilization Studies	7	1702	47500	33426.94497	73121.44213	0	0	0.934933215	0.002230953	0.028942335			0.002501413	0.030246394	0.65969577	0.753573733	Humanities and liberal arts
Bachelors	Linguistics and Comparative Language and Literature	7	915	46346.85714	30946.28357	71032.25807	0	0	0.922995505	0.001306014	0.016943024			0.001511447	0.018275993	0.612855365	0.690896813	Humanities and liberal arts
Bachelors	"French, German, Latin and other common Foreign Language Studies"	7	3241	49514.05372	33554.28571	70000	0	0	0.945543871	0.00430944	0.055906714			0.004878176	0.058985555	0.673243709	0.756520064	Humanities and liberal arts
Bachelors	Other Foreign Languages	7	803	46419.42536	30946.28357	75210.62619	0	0	0.935885539	0.001069805	0.013878672			0.001161885	0.01404919	0.641792372	0.699168364	Humanities and liberal arts
Bachelors	English Language and Literature	7	16107	50000	33426.94497	75497.14286	0	0	0.937516393	0.021798154	0.282789221			0.023664486	0.286144406	0.684552296	0.753641805	Humanities and liberal arts
Bachelors	Composition and Speech	7	1048	43977.32448	31457.14286	67898.48197	0	0	0.935919204	0.001409041	0.018279609			0.001542025	0.018645741	0.655414598	0.710304202	Humanities and liberal arts
Bachelors	Liberal Arts	7	10494	50000	33426.94497	74271.08058	0	0	0.938668612	0.01472885	0.191078568			0.015622077	0.188897826	0.698049216	0.751053337	Humanities and liberal arts
Bachelors	Humanities	7	708	44564.28571	30946.28357	66000	0	0	0.917023575	0.000913163	0.011846539			0.001054369	0.012749135	0.63845219	0.701803721	Humanities and liberal arts
Bachelors	Multi/Interdisciplinary Studies	7	745	44040	33834.60337	56734.85322	0	0	0.927367627	0.000949568	0.012318819			0.001046722	0.012656667	0.684552958	0.764371662	Humanities and liberal arts
Bachelors	Intercultural and International Studies	7	919	48234.28571	30946.28357	73121.44213	0	0	0.928858203	0.001240182	0.016088983			0.001411981	0.01707328	0.645195524	0.716559477	Humanities and liberal arts
Bachelors	Philosophy and Religious Studies	7	3126	46484.34535	30397.62808	72000	0	0	0.929754127	0.004254632	0.055195686			0.004613024	0.055779403	0.63456903	0.697338259	Humanities and liberal arts
Bachelors	Theology and Religious Vocations	7	4220	40230.16865	27262.85714	56734.85322	0	0	0.960748989	0.005303687	0.068805157			0.005387617	0.065145571	0.616864521	0.636585938	Humanities and liberal arts
Bachelors	Art History and Criticism	7	1308	45962.04934	31000	69987.66603	0	0	0.930826746	0.001760248	0.02283584			0.001971635	0.023840463	0.625853692	0.707629398	Humanities and liberal arts
Bachelors	History	7	11994	52229.60152	35000	81000	0	0	0.936689806	0.015808953	0.205090832			0.016334345	0.197510377	0.719734105	0.771114533	Humanities and liberal arts
Bachelors	Family and Consumer Sciences	7	5713	41783.68121	30293.16888	60000	0	0	0.954034861	0.007242676	0.28494128			0.008345054	0.315467919	0.619307142	0.676678885	"Industrial arts, consumer <br> services, and recreation"
Bachelors	Military Technologies	7	58	67108.57143	40000	88712.67958	0	0	0.975037822	7.78672E-05	0.003063451			7.75265E-05	0.002930733	0.795121301	0.87308461	"Industrial arts, consumer <br> services, and recreation"
Bachelors	"Physical Fitness, Parks, Recreation, and Leisure"	7	7147	45298.28571	31977.82636	63000	0	0	0.957018951	0.009675975	0.380672092			0.009929769	0.375374887	0.698568906	0.734229404	"Industrial arts, consumer <br> services, and recreation"
Bachelors	Miscellaneous Industrial Arts and Consumer Services	7	3171	60586.33776	40000	88790.32258	0	0	0.946645931	0.004481204	0.176299479			0.004284275	0.161958364	0.799793042	0.827072348	"Industrial arts, consumer <br> services, and recreation"
Bachelors	Transportation Sciences and Technologies	7	2892	69205.71429	42828.27325	99614.28571	0	0	0.960741942	0.003940414	0.155023698			0.003816315	0.144268096	0.860121909	0.865690456	"Industrial arts, consumer <br> services, and recreation"
Bachelors	Pre-Law and Legal Studies	7	1392	49514.05372	34812.57143	70000	0	0	0.926043109	0.002068565	0.072564465			0.00205468	0.076672094	0.747209858	0.766761966	Law and public policy
Bachelors	Criminal Justice and Fire Protection	7	17656	52428.57143	36560.72106	75302.62336	0	0	0.952859628	0.024589364	0.862585293			0.02295911	0.856738391	0.794903141	0.804915458	Law and public policy
Bachelors	Public Administration	7	1130	57766.396	40127.01437	89744.22236	0	0	0.933637843	0.001477675	0.051836245			0.001405863	0.05246095	0.819627906	0.849706417	Law and public policy
Bachelors	Public Policy	7	297	62675.52182	40894.28571	94000	0	0	0.960187913	0.000370985	0.013013997			0.000378621	0.014128566	0.819040341	0.856213949	Law and public policy
Bachelors	Multidisciplinary or General Science	7	7523	57671.42857	39006.85714	84586.50843	0	0	0.954356978	0.011815962	0.461904233			0.011576613	0.46260283	0.782858566	0.816779482	Physical sciences
Bachelors	Physical Sciences	7	167	60000	40112.33397	83567.36243	0	0	0.95965865	0.000233757	0.009137934			0.000222886	0.008906556	0.820521142	0.827674212	Physical sciences
Bachelors	Astronomy and Astrophysics	7	79	65011.42857	33009.36914	106000	0	0	0.915313107	9.67764E-05	0.003783137			9.54149E-05	0.003812789	0.707678978	0.742562316	Physical sciences
Bachelors	Atmospheric Sciences and Meteorology	7	333	62000	40230.16865	94371.42857	0	0	0.964818112	0.000464739	0.018167374			0.000417353	0.016677493	0.816941514	0.836858849	Physical sciences
Bachelors	Chemistry	7	4904	60586.33776	40894.28571	90000	0	0	0.950130155	0.006518125	0.254803576			0.006374235	0.254715193	0.774848212	0.8282894	Physical sciences
Bachelors	Geology and Earth Science	7	2278	66000	42293.25422	100000	0	0	0.944827611	0.00277924	0.108644788			0.002699198	0.107860259	0.801901276	0.865960475	Physical sciences
Bachelors	Geosciences	7	182	61865.71429	39198.62586	87681.13679	0	0	0.957788375	0.00022975	0.008981275			0.000219693	0.008778954	0.787290089	0.83827265	Physical sciences
Bachelors	Oceanography	7	245	67050.28107	44669.14286	92838.85072	0	0	0.946156716	0.000284428	0.011118733			0.000287443	0.011486269	0.811181017	0.889334732	Physical sciences
Bachelors	Physics	7	1953	73400	41783.68121	111148.5714	0	0	0.951865021	0.00260435	0.101808068			0.002605095	0.104099915	0.770245987	0.824809521	Physical sciences
Bachelors	"Nuclear, Industrial Radiology, and Biological Technologies"	7	443	66018.73829	47450.96815	85656.54649	0	0	0.95489186	0.000553851	0.021650882			0.000527019	0.021059743	0.850405898	0.893431683	Physical sciences
Bachelors	Psychology	7	26166	45962.04934	31977.82636	68157.14286	0	0	0.937501254	0.035996549	0.771621597			0.038384353	0.776204843	0.680278435	0.728986041	Psychology and social work
Bachelors	Industrial and Organizational Psychology	7	326	62914.28571	41261.71143	83885.71429	0	0	0.914932521	0.000424055	0.009090032			0.000449121	0.009082073	0.736907501	0.844083555	Psychology and social work
Bachelors	Social Psychology	7	180	47006.64137	35202.75142	68000	0	0	0.89489766	0.000224186	0.004805649			0.00024743	0.005003499	0.725598296	0.821011223	Psychology and social work
Bachelors	Human Services and Community Organization	7	1625	39000	29248.57685	53640.22486	0	0	0.93046288	0.002178168	0.046691189			0.00225048	0.045509003	0.652563231	0.628851616	Psychology and social work
Bachelors	Social Work	7	5884	40000	30408.57143	52608.68207	0	0	0.945706572	0.007827562	0.167791534			0.008119935	0.164200582	0.660697355	0.67241765	Psychology and social work
Bachelors	Interdisciplinary Social Sciences	7	1138	46419.42536	33426.94497	66000	0	0	0.945797996	0.001443968	0.021226888			0.001533841	0.022461512	0.701094829	0.753112145	Social sciences
Bachelors	General Social Sciences	7	2040	50000	34471.537	73121.44213	0	0	0.938563051	0.002633051	0.038706879			0.002799563	0.040996706	0.705660656	0.768124794	Social sciences
Bachelors	Economics	7	13813	72207.995	44356.33979	113469.7064	0	0	0.947001505	0.01914312	0.281411364			0.018408546	0.269574166	0.815343298	0.86018013	Social sciences
Bachelors	Anthropology and Archeology	7	2312	44562.64835	30946.28357	69987.66603	0	0	0.936246964	0.003075029	0.045204132			0.00340819	0.049909428	0.635573075	0.689838129	Social sciences
Bachelors	Criminology	7	1592	51577.13929	36000	74271.08058	0	0	0.950409333	0.002251704	0.033100928			0.002113688	0.030952774	0.769144645	0.787759404	Social sciences
Bachelors	Geography	7	2454	55363.37761	39714.39725	78642.85714	0	0	0.935899507	0.003091733	0.045449693			0.003142169	0.046013829	0.756007078	0.827778011	Social sciences
Bachelors	International Relations	7	1375	58000	39694.49715	92838.85072	0	0	0.938763359	0.001924685	0.02829362			0.001994246	0.029203674	0.74576763	0.832625805	Social sciences
Bachelors	Political Science and Government	7	13723	60000	40000	94371.42857	0	0	0.939396761	0.018899999	0.277837389			0.018948276	0.277477955	0.774395904	0.832602985	Social sciences
Bachelors	Sociology	7	11394	47185.71429	33554.28571	70000	0	0	0.943264775	0.015152451	0.222746962			0.015523748	0.227329271	0.71712339	0.759823134	Social sciences
Bachelors	Miscellaneous Social Sciences	7	315	54000	41261.71143	82523.42286	0	0	0.949840347	0.000409659	0.006022146			0.000415235	0.006080687	0.74821433	0.827872226	Social sciences
Graduate degree	General Agriculture	7	783	67050.28107	43872.86528	100000	1	1	0.972501226	0.001739194	0.15148173	16298.37602	0.321138211	0.001646249	0.149781938	0.825094631	0.866341605	Agriculture and natural resources
Graduate degree	Agricultural Economics	7	337	82523.42286	58497.1537	123785.1343	1	1	0.981132076	0.000682872	0.059477366	19847.90104	0.316677077	0.000618334	0.056258387	0.872059394	0.923504072	Agriculture and natural resources
Graduate degree	Animal Sciences	7	1509	72207.995	50000	103154.2786	1	1	0.986910467	0.003017793	0.262846162	25201.35364	0.536123256	0.002867044	0.260854469	0.858119361	0.895746074	Agriculture and natural resources
Graduate degree	Food Science	7	325	71032.25807	50140.41746	108000	1	1	0.972720396	0.000715253	0.062297707	6045.062562	0.093019287	0.000758966	0.06905361	0.848738067	0.889374418	Agriculture and natural resources
Graduate degree	Plant Science and Agronomy	7	681	67108.57143	45962.04934	100000	1	1	0.972083156	0.001387279	0.120830289	15204.28571	0.292929293	0.001328334	0.120856817	0.829354615	0.887534167	Agriculture and natural resources
Graduate degree	Soil Science	7	68	74000	52229.60152	95420	1	1	0.987516994	0.000135039	0.011761762	6891.428571	0.102690736	0.00013606	0.012379227	0.786449865	0.898230089	Agriculture and natural resources
Graduate degree	Miscellaneous Agriculture	7	559	65000	44356.33979	100000	1	1	0.959876388	0.001073075	0.093463575	12391.31793	0.235537509	0.00100922	0.091822665	0.867886959	0.886235624	Agriculture and natural resources
Graduate degree	Forestry	7	534	76545.71429	53000	108002.8571	1	1	0.97487242	0.0010728	0.093439555	16545.71429	0.275761905	0.001007026	0.091623054	0.877155725	0.919838907	Agriculture and natural resources
Graduate degree	Natural Resources Management	7	820	68943.074	49514.05372	100059.6502	1	1	0.973349485	0.001657909	0.144401854	16334.39193	0.310488522	0.001619738	0.147369834	0.854090785	0.913779959	Agriculture and natural resources
Graduate degree	Architecture	7	3074	73121.44213	50000	103154.2786	1	1	0.928929353	0.006954824	0.065343193	9401.328273	0.147540984	0.006998319	0.071299746	0.828061487	0.900144402	Architecture and engineering
Graduate degree	General Engineering	7	5678	100000	67898.48197	135796.964	1	1	0.967200245	0.015333282	0.144061976	22000	0.282051282	0.013971454	0.142342915	0.909897285	0.936752193	Architecture and engineering
Graduate degree	Aerospace Engineering	7	1406	108311.9925	81788.57143	138000	1	1	0.978044572	0.003071156	0.028854672	22693.94129	0.265060241	0.002729878	0.027812339	0.919086114	0.950724356	Architecture and engineering
Graduate degree	Architectural Engineering	7	162	78000	57671.42857	110000	1	1	0.958692111	0.000342746	0.003220229	634.2910681	0.008198607	0.000309766	0.003155938	0.885608856	0.944682848	Architecture and engineering
Graduate degree	Biomedical Engineering	7	1098	83567.36243	50000	126877.1429	1	1	0.974399746	0.002502042	0.023507632	15668.88046	0.230769231	0.002399924	0.024450726	0.854947993	0.891478066	Architecture and engineering
Graduate degree	Chemical Engineering	7	3825	104857.1429	73400	152042.8571	1	1	0.967073784	0.008484266	0.079712878	13857.14286	0.152276295	0.007764568	0.079106382	0.910130901	0.944698763	Architecture and engineering
Graduate degree	Civil Engineering	7	4590	97147.05882	71032.25807	128942.8482	1	1	0.968184662	0.009964481	0.093620064	17147.05882	0.214338235	0.009168582	0.09341066	0.905063622	0.953229686	Architecture and engineering
Graduate degree	Electrical Engineering	7	11945	108002.8571	82523.42286	145000	1	1	0.966264772	0.0264692	0.248688125	18002.85714	0.200031746	0.024188028	0.246430646	0.922729767	0.955920543	Architecture and engineering
Graduate degree	"Engineering Mechanics, Physics, and Science"	7	470	103154.2786	74271.08058	148542.1612	1	1	0.976933735	0.001010681	0.009495726	26899.06036	0.352750421	0.000900317	0.009172544	0.934553795	0.952385284	Architecture and engineering
Graduate degree	Environmental Engineering	7	324	83000	56734.85322	110100	1	1	0.963916092	0.000708681	0.006658322	9760.462211	0.133267665	0.000653068	0.006653541	0.886740254	0.939520706	Architecture and engineering
Graduate degree	Geological and Geophysical Engineering	7	81	109682.1632	78642.85714	161911.7647	1	1	0.996225601	0.000167558	0.001574272	22682.16319	0.260714519	0.000168231	0.001713959	0.947726027	0.969962968	Architecture and engineering
Graduate degree	Industrial and Manufacturing Engineering	7	2087	99236.24288	70000	135000	1	1	0.962529589	0.004605172	0.043267326	20838.99117	0.265812777	0.004327289	0.044086964	0.89120043	0.946148933	Architecture and engineering
Graduate degree	Mechanical Engineering	7	8543	103154.2786	75497.14286	136314.2857	1	1	0.969618896	0.018974012	0.178268007	19586.91615	0.23438476	0.017267436	0.175922795	0.919454496	0.952089397	Architecture and engineering
Graduate degree	Metallurgical Engineering	7	251	103154.2786	71176.45222	135000	1	1	0.971954361	0.000565483	0.005312925	11154.27858	0.121242158	0.000501338	0.005107691	0.926488435	0.951759733	Architecture and engineering
Graduate degree	Mining and Mineral Engineering	7	142	100000	72207.995	144415.99	1	1	0.963744625	0.000310572	0.002917942	9822.857143	0.108928458	0.00027212	0.002772387	0.922493225	0.961373391	Architecture and engineering
Graduate degree	Petroleum Engineering	7	202	120585.7143	78397.25172	199228.5714	1	1	0.975998857	0.000429616	0.004036407	-8357.133934	-0.064812698	0.000380396	0.003875519	0.923520574	0.936878143	Architecture and engineering
Graduate degree	Miscellaneous Engineering	7	627	95933.47908	61892.56715	126000	1	1	0.962758183	0.001449535	0.013618932	22533.47908	0.306995628	0.001340815	0.013660392	0.870199513	0.894901227	Architecture and engineering
Graduate degree	Engineering Technologies	7	247	75000	49514.05372	106954.2857	1	1	0.954787073	0.000619076	0.00581645	12085.71429	0.192098093	0.000597759	0.006090048	0.819079049	0.872484966	Architecture and engineering
Graduate degree	Engineering and Industrial Management	7	324	104857.1429	76000	143109.1082	1	1	0.934483037	0.000724469	0.006806659	29857.14286	0.398095238	0.000690273	0.007032584	0.870169066	0.921583555	Architecture and engineering
Graduate degree	Industrial Production Technologies	7	460	87031.42857	60000	111771.3473	1	1	0.963485445	0.001000799	0.00940288	16886.51914	0.240737628	0.000925501	0.009429121	0.925418327	0.954165519	Architecture and engineering
Graduate degree	Mechanical Engineering Related Technologies	7	153	83567.36243	51577.13929	105000	1	1	0.950428769	0.000345803	0.003248947	18567.36243	0.28565173	0.000331079	0.003373071	0.890132532	0.891274008	Architecture and engineering
Graduate degree	Miscellaneous Engineering Technologies	7	965	85000	60000	109682.1632	1	1	0.949275248	0.002401866	0.022566437	16842.85714	0.247118005	0.002267349	0.023100032	0.873600416	0.913073015	Architecture and engineering
Graduate degree	Fine Arts	7	2790	56734.85322	40000	82000	1	1	0.93847232	0.00621783	0.293452265	11346.97064	0.25	0.007202206	0.28991085	0.726192488	0.82678021	Arts
Graduate degree	Drama and Theater Arts	7	1200	57000	41261.71143	80000	1	1	0.936097161	0.002657903	0.125440491	15738.28857	0.381425976	0.003091764	0.124452967	0.735992844	0.832975946	Arts
Graduate degree	Music	7	3115	57452.56167	39950.57143	83567.36243	1	1	0.960396761	0.006932026	0.327158961	12452.56167	0.276723593	0.008454619	0.34032432	0.698547274	0.821685149	Arts
Graduate degree	Visual and Performing Arts	7	325	52428.57143	38000	75497.14286	1	1	0.963223188	0.000772362	0.036451865	12582.85714	0.315789474	0.000912725	0.036739971	0.690387218	0.796060462	Arts
Graduate degree	Commercial Art and Graphic Design	7	1058	58000	40642.78576	84000	1	1	0.937071151	0.002429926	0.114681073	10814.28571	0.229185589	0.002590869	0.104290399	0.767965787	0.844912706	Arts
Graduate degree	"Film, Video, and Photographic Arts"	7	414	56734.85322	40000	80000	1	1	0.903189952	0.001022884	0.048275294	9728.211851	0.206953987	0.001229442	0.049488793	0.724409921	0.824013121	Arts
Graduate degree	Studio Arts	7	577	51577.13929	39198.62586	70000	1	1	0.943261346	0.001155625	0.054540051	13100.59338	0.340482574	0.001361206	0.054792701	0.728238051	0.814318385	Arts
Graduate degree	Environmental Science	7	1212	65809.29791	47185.71429	97517.14286	1	1	0.959918387	0.002651721	0.03036282	11490.51233	0.211538462	0.002692323	0.031685211	0.839845515	0.893452355	Biology and life sciences
Graduate degree	Biology	7	25747	90879.50664	54671.76765	157285.7143	1	1	0.980104508	0.057232723	0.655327986	38450.93521	0.733396584	0.055715944	0.655705558	0.885892573	0.928574813	Biology and life sciences
Graduate degree	Biochemical Sciences	7	3377	94013.28273	53640.22486	167134.7249	1	1	0.977735072	0.007695793	0.088118621	38438.99702	0.691668755	0.007308159	0.086007706	0.887548215	0.922907167	Biology and life sciences
Graduate degree	Botany	7	378	64764.70588	41052.46679	103154.2786	1	1	0.965223275	0.000790954	0.009056612	17758.06452	0.377777778	0.000795876	0.009366441	0.814542843	0.883342534	Biology and life sciences
Graduate degree	Molecular Biology	7	1097	84611.95446	50140.41746	146800	1	1	0.973320229	0.002318259	0.026544607	33611.95446	0.659057931	0.002222549	0.026156561	0.88647317	0.922993804	Biology and life sciences
Graduate degree	Ecology	7	595	62914.28571	45000	94901.93629	1	1	0.962236039	0.001198325	0.013721095	15728.57143	0.333333333	0.001240374	0.014597623	0.820137041	0.878929099	Biology and life sciences
Graduate degree	Microbiology	7	1935	83885.71429	52229.60152	139258.2761	1	1	0.971481463	0.00439234	0.050293313	25885.71429	0.446305419	0.004175854	0.049144471	0.87829688	0.927727927	Biology and life sciences
Graduate degree	Zoology	7	1953	100280.8349	60000	198472.4858	1	1	0.979756379	0.004216991	0.048285528	45755.12063	0.83914757	0.004018058	0.047287412	0.900253736	0.926096079	Biology and life sciences
Graduate degree	Neuroscience	7	365	60000	45800.49969	100000	1	1	0.978318283	0.000888994	0.010179182	15000	0.333333333	0.000878968	0.010344332	0.858188606	0.887366543	Biology and life sciences
Graduate degree	Miscellaneous Biology	7	2571	78344.40228	50000	125351.0436	1	1	0.977156044	0.005948372	0.068110237	26114.80076	0.5	0.005922876	0.069704687	0.858915776	0.907666333	Biology and life sciences
Graduate degree	General Business	7	11346	84934.28571	52608.68207	130000	1	1	0.958467518	0.02954964	0.2037436	22934.28571	0.369907834	0.027629971	0.203187442	0.879875143	0.917141922	Business
Graduate degree	Accounting	7	13673	87681.13679	58720	130574.0038	1	1	0.961906267	0.030887761	0.212969891	22681.13679	0.348940566	0.02842179	0.209010388	0.897231035	0.936816746	Business
Graduate degree	Actuarial Science	7	67	110000	72000	162000	1	1	0.951110509	0.000142187	0.000980371	35551.42857	0.47753003	0.000132668	0.00097562	0.946637021	0.983675449	Business
Graduate degree	Business Management and Administration	7	18605	77365.70893	51577.13929	114905.1233	1	1	0.954540884	0.042318807	0.291786499	17823.9632	0.299352378	0.039901968	0.293434222	0.875609776	0.912671626	Business
Graduate degree	Operations Logistics and E-Commerce	7	447	96965.02186	63955.65272	136163.6477	1	1	0.976216128	0.000994846	0.006859426	29066.53989	0.428088214	0.000907618	0.006674512	0.905200081	0.940192659	Business
Graduate degree	Business Economics	7	719	94013.28273	60000	144153.7002	1	1	0.958436597	0.001553711	0.010712773	22013.28273	0.305740038	0.001472948	0.01083188	0.882156357	0.924356945	Business
Graduate degree	Marketing and Marketing Research	7	4505	78344.40228	51577.13929	118627.4204	1	1	0.947125253	0.010280178	0.070881421	18344.40228	0.305740038	0.010142903	0.074589673	0.858293951	0.915320886	Business
Graduate degree	Finance	7	7677	95000	62914.28571	147000	1	1	0.956767892	0.018404255	0.126896606	26842.85714	0.39383777	0.01697889	0.124860694	0.903245562	0.943779509	Business
Graduate degree	Human Resources and Personnel Management	7	1594	71302.85714	47185.71429	101091.193	1	1	0.942811906	0.003964424	0.027334548	15599.54671	0.280047031	0.003724737	0.02739126	0.866071384	0.901423147	Business
Graduate degree	International Business	7	746	74271.08058	52229.60152	111148.5714	1	1	0.945176547	0.001771414	0.012213831	17863.11094	0.316677077	0.001748423	0.012857689	0.828061074	0.892358589	Business
Graduate degree	Hospitality Management	7	538	67050.28107	45000	102370.019	1	1	0.928795099	0.001264167	0.008716378	17050.28107	0.341005622	0.001308091	0.009619541	0.781316947	0.874236475	Business
Graduate degree	Management Information Systems and Statistics	7	1197	89744.22236	65000	120000	1	1	0.959876318	0.002703728	0.018642097	16344.22236	0.222673329	0.002475107	0.018201637	0.916418377	0.953097375	Business
Graduate degree	Miscellaneous Business and Medical Administration	7	477	72207.995	48482.51093	106954.2857	1	1	0.951229141	0.001198348	0.008262559	17207.995	0.312872636	0.001137555	0.008365443	0.867686623	0.926300246	Business
Graduate degree	Communications and Mass Media	7	6987	63000	44983.71429	94013.28273	1	1	0.951664257	0.015980028	0.668985635	11000	0.211538462	0.016668294	0.677745494	0.812378678	0.886599851	Communications and journalism
Graduate degree	Journalism	7	2641	68000	45000	101711.4286	1	1	0.958888074	0.005982844	0.250464932	15571.42857	0.297002725	0.005991956	0.243637489	0.822958749	0.881359643	Communications and journalism
Graduate degree	Advertising and Public Relations	7	876	62675.52182	44917.45731	90000	1	1	0.971642858	0.00192408	0.080549433	10863.75712	0.209677419	0.001933486	0.078617017	0.819621641	0.884523966	Communications and journalism
Graduate degree	Computer and Information Systems	7	1804	82000	57671.42857	105000	1	1	0.954316536	0.004562058	0.085215931	15981.26171	0.242071602	0.00423662	0.082046423	0.896496053	0.945206791	"Computers, statistics, and mathematics"
Graduate degree	Computer Science	7	8665	95000	70000	125828.5714	1	1	0.962245902	0.021226958	0.396504134	15000	0.1875	0.019983063	0.386992208	0.909072709	0.950377522	"Computers, statistics, and mathematics"
Graduate degree	Information Sciences	7	688	83885.71429	62000	113469.7064	1	1	0.955563654	0.001665676	0.031113624	13898.04825	0.198578536	0.001582072	0.030638429	0.890156503	0.941058789	"Computers, statistics, and mathematics"
Graduate degree	Computer Engineering	7	2354	98565.71429	74000	128974.2857	1	1	0.975196473	0.005693622	0.10635271	14998.35186	0.179476191	0.005227459	0.101235027	0.921327352	0.963345819	"Computers, statistics, and mathematics"
Graduate degree	Miscellaneous Computer	7	863	76000	51185.00949	104459.203	1	1	0.935015752	0.002178853	0.040699397	19265.14678	0.339564583	0.002116411	0.040986437	0.858191923	0.898311342	"Computers, statistics, and mathematics"
Graduate degree	Mathematics	7	7235	87031.42857	57766.396	125351.0436	1	1	0.965524751	0.016072597	0.300224426	18949.60471	0.278335738	0.016417432	0.317940153	0.870256576	0.933199975	"Computers, statistics, and mathematics"
Graduate degree	Applied Mathematics	7	470	103154.2786	64764.70588	141000	1	1	0.967290614	0.000959593	0.017924494	27154.27858	0.357293139	0.000935881	0.018124277	0.892973229	0.934977847	"Computers, statistics, and mathematics"
Graduate degree	Statistics and Decision Science	7	512	94901.93629	66060	125828.5714	1	1	0.962184536	0.001175918	0.021965285	22550.50772	0.3116802	0.001137924	0.022037047	0.875814134	0.945727799	"Computers, statistics, and mathematics"
Graduate degree	General Education	7	14866	57671.42857	45000	75000	1	1	0.970328142	0.038450078	0.294156544	14346.63157	0.331141345	0.040591485	0.281391325	0.853242332	0.894186678	Education
Graduate degree	Elementary Education	7	18143	55000	44917.45731	70144.90943	1	1	0.982586311	0.035905083	0.274686444	13738.28857	0.33295489	0.041793143	0.289721549	0.867025277	0.918086059	Education
Graduate degree	Mathematics Teacher Education	7	1373	60000	48000	76334.16615	1	1	0.988826269	0.002771087	0.021199783	14282.28571	0.31240157	0.003075816	0.021322404	0.898102916	0.935693612	Education
Graduate degree	Physical and Health Education Teaching	7	3448	64764.70588	50140.41746	83885.71429	1	1	0.97927716	0.007074052	0.054118968	16764.70588	0.349264706	0.007590529	0.052619633	0.871654559	0.92290824	Education
Graduate degree	Early Childhood Education	7	1795	52000	41783.68121	64000	1	1	0.977634407	0.003798222	0.029057727	14864.45971	0.400275844	0.004334387	0.030047164	0.833075997	0.878376988	Education
Graduate degree	Science and Computer Teacher Education	7	1016	62675.52182	49282.85714	82000	1	1	0.98014389	0.002041493	0.015618135	17075.52182	0.374463198	0.002259053	0.015660372	0.879452882	0.925319705	Education
Graduate degree	Secondary Teacher Education	7	3223	62675.52182	49095.82543	80000	1	1	0.98274303	0.006444289	0.049301068	16359.25074	0.353207423	0.00682205	0.047292322	0.881013637	0.929353951	Education
Graduate degree	Special Needs Education	7	3984	59768.57143	47450.96815	75210.62619	1	1	0.981060297	0.008390432	0.06418974	15895.70615	0.362312925	0.009607052	0.066598725	0.876496608	0.932023172	Education
Graduate degree	Social Science or History Teacher Education	7	1672	60817.14286	46900	82523.42286	1	1	0.980587802	0.003407238	0.02606656	15817.14286	0.351492064	0.003645258	0.025269928	0.875845885	0.91205315	Education
Graduate degree	Teacher Education: Multiple Levels	7	1227	54525.71429	44000	69205.71429	1	1	0.98530278	0.002410024	0.018437529	13786.6251	0.338412698	0.0026577	0.018423907	0.883189045	0.92274097	Education
Graduate degree	Language and Drama Education	7	2915	58497.1537	46419.42536	75000	1	1	0.972254215	0.005938742	0.045433456	15172.3567	0.350200295	0.006771682	0.046943158	0.843139978	0.912791103	Education
Graduate degree	Art and Music Education	7	3025	57766.396	45088.57143	75000	1	1	0.979031273	0.006329106	0.048419875	14066.396	0.321885492	0.007103461	0.049243143	0.8255013	0.884204793	Education
Graduate degree	Miscellaneous Education	7	3742	61892.56715	47450.96815	82522.7704	1	1	0.974694153	0.007753132	0.059314171	11892.56715	0.237851343	0.008001179	0.055466369	0.876820026	0.924713366	Education
Graduate degree	Nutrition Sciences	7	880	63955.65272	47006.64137	100000	1	1	0.977538485	0.001985855	0.027814795	14859.82729	0.302669874	0.002115747	0.029720183	0.793909028	0.889169203	Health
Graduate degree	Communication Disorders Sciences and Services	7	3808	62914.28571	49514.05372	82000	1	1	0.986974332	0.008266033	0.115777865	19589.48871	0.452154195	0.009451174	0.132761892	0.863116417	0.930010398	Health
Graduate degree	Health and Medical Administrative Services	7	1075	78642.85714	52229.60152	106548.3871	1	1	0.955818711	0.002456194	0.034402586	26214.28571	0.5	0.002285822	0.032109245	0.903189902	0.929769735	Health
Graduate degree	Health and Medical Preparatory Programs	7	1622	125351.0436	64987.1955	271295.7527	1	1	0.978627786	0.003879806	0.054342354	73121.44213	1.4	0.003682112	0.051723115	0.901457533	0.931519994	Health
Graduate degree	Nursing	7	12263	83567.36243	61892.56715	108000	1	1	0.980833693	0.027264406	0.381877813	20653.07672	0.328273245	0.026529989	0.372670277	0.901104926	0.947800125	Health
Graduate degree	Pharmacy and Pharmaceutical Sciences and Administration	7	3429	111406.6209	82523.42286	135796.964	1	1	0.97752041	0.008050421	0.112757898	6406.620862	0.061015437	0.007636933	0.107277016	0.91243838	0.953422781	Health
Graduate degree	Treatment Therapy Professions	7	3417	69113.36665	51000	92838.85072	1	1	0.981376386	0.008105507	0.113529467	7482.436855	0.121407171	0.008227171	0.11556816	0.87045125	0.926285168	Health
Graduate degree	Miscellaneous Health Medical Professions	7	4871	70144.90943	50000	102122.7358	1	1	0.974944104	0.011387404	0.159497221	16870.71588	0.316677077	0.011259957	0.158170111	0.855549734	0.914291135	Health
Graduate degree	Area Ethnic and Civilization Studies	7	1750	73400	51065.42857	119000	1	1	0.954838766	0.003754856	0.035728797	25900	0.545263158	0.004091029	0.037004068	0.794674202	0.910463565	Humanities and liberal arts
Graduate degree	Linguistics and Comparative Language and Literature	7	1013	62914.28571	44040	98000	1	1	0.946290763	0.002340092	0.022266808	16567.42857	0.357466063	0.002642656	0.023903286	0.751409237	0.86547508	Humanities and liberal arts
Graduate degree	"French, German, Latin and other common Foreign Language Studies"	7	3467	63000	46419.42536	94901.93629	1	1	0.96203284	0.00756165	0.071951804	13485.94628	0.272366031	0.008303571	0.075107247	0.807306064	0.897529724	Humanities and liberal arts
Graduate degree	Other Foreign Languages	7	863	63000	44564.28571	103000	1	1	0.949601144	0.001848954	0.017593457	16580.57464	0.357190433	0.001986786	0.017970822	0.761870737	0.856191115	Humanities and liberal arts
Graduate degree	English Language and Literature	7	14463	64764.70588	46000	98565.71429	1	1	0.959472051	0.031527291	0.29999344	14764.70588	0.295294118	0.034045095	0.307943832	0.804877085	0.884953585	Humanities and liberal arts
Graduate degree	Composition and Speech	7	514	58497.1537	41942.85714	84586.50843	1	1	0.960475483	0.001117774	0.010636023	14519.82922	0.330166271	0.00130728	0.011824573	0.742906301	0.86019162	Humanities and liberal arts
Graduate degree	Liberal Arts	7	4136	69205.71429	47185.71429	100280.8349	1	1	0.957697177	0.009250653	0.088023267	19205.71429	0.384114286	0.009966468	0.090148441	0.820610814	0.897308497	Humanities and liberal arts
Graduate degree	Humanities	7	495	68081.82386	50000	100662.8571	1	1	0.934304246	0.001059332	0.010079927	23517.53815	0.527721645	0.001156452	0.010460314	0.814625281	0.888122356	Humanities and liberal arts
Graduate degree	Multi/Interdisciplinary Studies	7	314	56000	42991.42857	74448.57143	1	1	0.978787558	0.000662718	0.006305995	11960	0.271571299	0.000686844	0.00621262	0.860340894	0.903838818	Humanities and liberal arts
Graduate degree	Intercultural and International Studies	7	742	68000	46000	109682.1632	1	1	0.943922243	0.001605902	0.015280727	19765.71429	0.40978557	0.001798164	0.016264707	0.781686386	0.883167807	Humanities and liberal arts
Graduate degree	Philosophy and Religious Studies	7	4590	63720.11385	41942.85714	104459.203	1	1	0.95968512	0.010064795	0.095770127	17235.7685	0.370786517	0.010135749	0.091679625	0.779605	0.84129311	Humanities and liberal arts
Graduate degree	Theology and Religious Vocations	7	3165	48000	31771.5178	68157.14286	1	1	0.96946675	0.006624533	0.063034803	7769.831355	0.193134447	0.006428269	0.058144819	0.730944289	0.729378502	Humanities and liberal arts
Graduate degree	Art History and Criticism	7	1026	62914.28571	42293.25422	94013.28273	1	1	0.946699743	0.002216405	0.021089887	16952.23638	0.368831169	0.00244808	0.022143308	0.749521787	0.850792696	Humanities and liberal arts
Graduate degree	History	7	11773	77299.81025	51380	123731.4286	1	1	0.960826096	0.025458312	0.24224494	25070.20873	0.48	0.025559743	0.231192338	0.841193956	0.904818131	Humanities and liberal arts
Graduate degree	Family and Consumer Sciences	7	2691	58000	42000	78642.85714	1	1	0.965962734	0.005665033	0.37558737	16216.31879	0.388101726	0.006329303	0.402903711	0.803385891	0.876862039	"Industrial arts, consumer <br> services, and recreation"
Graduate degree	Military Technologies	7	32	76334.16615	51577.13929	127440.2277	1	1	0.936263736	7.17483E-05	0.004756855	9225.594718	0.137472673	6.58728E-05	0.004193258	0.841029947	0.890454837	"Industrial arts, consumer <br> services, and recreation"
Graduate degree	"Physical Fitness, Parks, Recreation, and Leisure"	7	3094	62675.52182	44395.16129	84000	1	1	0.975927866	0.007019195	0.465367293	17377.23611	0.383617963	0.007120441	0.453265061	0.833949133	0.89235761	"Industrial arts, consumer <br> services, and recreation"
Graduate degree	Miscellaneous Industrial Arts and Consumer Services	7	378	68157.14286	47185.71429	104857.1429	1	1	0.902624241	0.000878261	0.058228049	7570.805096	0.124958949	0.000865288	0.055081553	0.807964376	0.854589701	"Industrial arts, consumer <br> services, and recreation"
Graduate degree	Transportation Sciences and Technologies	7	630	90000	62675.52182	120000	1	1	0.961423986	0.001448892	0.096060434	20794.28571	0.300470647	0.001328315	0.084556416	0.906868936	0.940091362	"Industrial arts, consumer <br> services, and recreation"
Graduate degree	Pre-Law and Legal Studies	7	667	75000	50140.41746	118488.5714	1	1	0.961533179	0.001725543	0.107260099	25485.94628	0.514721465	0.001670696	0.110080198	0.840267049	0.899299451	Law and public policy
Graduate degree	Criminal Justice and Fire Protection	7	4691	68000	45594.19113	100000	1	1	0.963998386	0.011244252	0.698944884	15571.42857	0.297002725	0.010533217	0.694021511	0.860989514	0.887382121	Law and public policy
Graduate degree	Public Administration	7	881	73400	50331.42857	107592.9791	1	1	0.945779288	0.002211556	0.137470751	15633.604	0.270634921	0.002087097	0.137516429	0.881834885	0.929669964	Law and public policy
Graduate degree	Public Policy	7	407	83885.71429	60000	136163.6477	1	1	0.967840986	0.000906115	0.056324266	21210.19246	0.338412698	0.000886066	0.058381862	0.880942968	0.946180379	Law and public policy
Graduate degree	Multidisciplinary or General Science	7	4079	83554.96565	53000	131005.9338	1	1	0.970118239	0.010253428	0.208573992	25883.53708	0.448810403	0.009963813	0.212872071	0.883031792	0.920992469	Physical sciences
Graduate degree	Physical Sciences	7	148	80000	41942.85714	123785.1343	1	1	0.969540693	0.000329486	0.006702361	20000	0.333333333	0.000322432	0.006888606	0.838984505	0.824719258	Physical sciences
Graduate degree	Astronomy and Astrophysics	7	149	95420	56734.85322	151465.8444	1	1	0.976951997	0.000356305	0.007247918	30408.57143	0.467741936	0.000340352	0.00727146	0.845024647	0.910410217	Physical sciences
Graduate degree	Atmospheric Sciences and Meteorology	7	289	82523.42286	52428.57143	106000	1	1	0.981668164	0.000613353	0.01247676	20523.42286	0.331022949	0.000586255	0.012525061	0.86785748	0.913072802	Physical sciences
Graduate degree	Chemistry	7	9380	100000	61865.71429	156688.8046	1	1	0.975338589	0.02066421	0.420348867	39413.66224	0.650537129	0.019551083	0.417699492	0.894246691	0.936979449	Physical sciences
Graduate degree	Geology and Earth Science	7	2104	84000	56622.85714	124306.4516	1	1	0.973638126	0.004399832	0.08950085	18000	0.272727273	0.004221963	0.09020021	0.882005913	0.932625058	Physical sciences
Graduate degree	Geosciences	7	240	94013.28273	58000	125351.0436	1	1	0.97068091	0.000484795	0.009861638	32147.56845	0.519634645	0.000466751	0.009971916	0.871074772	0.919506992	Physical sciences
Graduate degree	Oceanography	7	236	86701.13852	51000	114905.1233	1	1	0.987717254	0.000472822	0.009618077	19650.85745	0.293076437	0.000429233	0.009170366	0.877115368	0.906969962	Physical sciences
Graduate degree	Physics	7	4754	96965.02186	61892.56715	134100.5622	1	1	0.968420769	0.010725054	0.21816776	23565.02186	0.321049344	0.01009023	0.215572921	0.87470012	0.91105078	Physical sciences
Graduate degree	"Nuclear, Industrial Radiology, and Biological Technologies"	7	368	89128.57143	62914.28571	125000	1	1	0.977411305	0.000860382	0.017501778	23109.83314	0.350049603	0.000834463	0.017827897	0.866532632	0.912575458	Physical sciences
Graduate degree	Psychology	7	26157	61892.56715	43872.86528	90177.14286	1	1	0.96497565	0.059557233	0.79950127	15930.51781	0.346601556	0.062220982	0.805454258	0.820345721	0.879225353	Psychology and social work
Graduate degree	Industrial and Organizational Psychology	7	277	75210.62619	52229.60152	109682.1632	1	1	0.960989366	0.000622178	0.008352173	12296.34047	0.19544592	0.000632254	0.008184562	0.843267044	0.909245374	Psychology and social work
Graduate degree	Social Psychology	7	123	67050.28107	44395.16129	103154.2786	1	1	0.918282549	0.000289682	0.003888713	20043.63971	0.426400167	0.000295441	0.003824506	0.80374415	0.886632289	Psychology and social work
Graduate degree	Human Services and Community Organization	7	641	52000	39198.62586	69205.71429	1	1	0.937514949	0.001451213	0.019481205	13000	0.333333333	0.001507092	0.019509394	0.786839723	0.843191284	Psychology and social work
Graduate degree	Social Work	7	5364	52428.57143	40000	70000	1	1	0.964821899	0.012572675	0.16877664	12428.57143	0.310714286	0.012593785	0.163027281	0.81464885	0.86887793	Psychology and social work
Graduate degree	Interdisciplinary Social Sciences	7	626	65000	42828.27325	94901.93629	1	1	0.950631877	0.001377511	0.015463818	18580.57464	0.400275844	0.001427945	0.016247298	0.818793333	0.876659993	Social sciences
Graduate degree	General Social Sciences	7	1107	65809.29791	46419.42536	95933.47908	1	1	0.940060127	0.002441785	0.027411255	15809.29791	0.316185958	0.002502596	0.028474779	0.832705922	0.878334118	Social sciences
Graduate degree	Economics	7	10825	104459.203	64764.70588	175000	1	1	0.955486336	0.02441047	0.274029738	32251.20803	0.446643173	0.02353732	0.267809926	0.871362944	0.928560064	Social sciences
Graduate degree	Anthropology and Archeology	7	2217	62675.52182	45000	96965.02186	1	1	0.953469481	0.004751472	0.053339594	18112.87348	0.406458641	0.005085758	0.057866251	0.793500957	0.883594838	Social sciences
Graduate degree	Criminology	7	468	70000	45962.04934	100000	1	1	0.957531103	0.001046968	0.011753172	18422.86071	0.357190433	0.000998804	0.011364487	0.860454814	0.898808087	Social sciences
Graduate degree	Geography	7	1155	74271.08058	52229.60152	104000	1	1	0.963025297	0.00242857	0.027262912	18907.70297	0.341520041	0.002490538	0.028337589	0.833976119	0.914473622	Social sciences
Graduate degree	International Relations	7	1652	86649.594	56734.85322	131000	1	1	0.953516852	0.003839244	0.043099007	28649.594	0.493958517	0.003767269	0.042864356	0.857443477	0.924403501	Social sciences
Graduate degree	Political Science and Government	7	15261	91225.71429	59768.57143	141557.1429	1	1	0.959385696	0.033904497	0.380608827	31225.71429	0.520428571	0.032621611	0.371171885	0.875418851	0.933026276	Social sciences
Graduate degree	Sociology	7	6441	61892.56715	44040	89128.57143	1	1	0.957798782	0.014148793	0.158833067	14706.85286	0.3116802	0.014753097	0.16786218	0.820567068	0.889627392	Social sciences
Graduate degree	Miscellaneous Social Sciences	7	356	79428.7945	56734.85322	125828.5714	1	1	0.956038416	0.000730329	0.00819861	25428.7945	0.470903602	0.000703215	0.008001249	0.876595968	0.930834828	Social sciences
